variables="x","rho","u","v","w","Bx","By","Bz","p"
-1.5	1	0	0	0	0.75	1	0	1
-1.497	1	0	0	0	0.75	1	0	1
-1.494	1	0	0	0	0.75	1	0	1
-1.491	1	0	0	0	0.75	1	0	1
-1.488	1	0	0	0	0.75	1	0	1
-1.485	1	0	0	0	0.75	1	0	1
-1.482	1	0	0	0	0.75	1	0	1
-1.479	1	0	0	0	0.75	1	0	1
-1.476	1	0	0	0	0.75	1	0	1
-1.473	1	0	0	0	0.75	1	0	1
-1.47	1	0	0	0	0.75	1	0	1
-1.467	1	0	0	0	0.75	1	0	1
-1.464	1	0	0	0	0.75	1	0	1
-1.461	1	0	0	0	0.75	1	0	1
-1.458	1	0	0	0	0.75	1	0	1
-1.455	1	0	0	0	0.75	1	0	1
-1.452	1	0	0	0	0.75	1	0	1
-1.449	1	0	0	0	0.75	1	0	1
-1.446	1	0	0	0	0.75	1	0	1
-1.443	1	0	0	0	0.75	1	0	1
-1.44	1	0	0	0	0.75	1	0	1
-1.437	1	0	0	0	0.75	1	0	1
-1.434	1	0	0	0	0.75	1	0	1
-1.431	1	0	0	0	0.75	1	0	1
-1.428	1	0	0	0	0.75	1	0	1
-1.425	1	0	0	0	0.75	1	0	1
-1.422	1	0	0	0	0.75	1	0	1
-1.419	1	0	0	0	0.75	1	0	1
-1.416	1	0	0	0	0.75	1	0	1
-1.413	1	0	0	0	0.75	1	0	1
-1.41	1	0	0	0	0.75	1	0	1
-1.407	1	0	0	0	0.75	1	0	1
-1.404	1	0	0	0	0.75	1	0	1
-1.401	1	0	0	0	0.75	1	0	1
-1.398	1	0	0	0	0.75	1	0	1
-1.395	1	0	0	0	0.75	1	0	1
-1.392	1	0	0	0	0.75	1	0	1
-1.389	1	0	0	0	0.75	1	0	1
-1.386	1	0	0	0	0.75	1	0	1
-1.383	1	0	0	0	0.75	1	0	1
-1.38	1	0	0	0	0.75	1	0	1
-1.377	1	0	0	0	0.75	1	0	1
-1.374	1	0	0	0	0.75	1	0	1
-1.371	1	0	0	0	0.75	1	0	1
-1.368	1	0	0	0	0.75	1	0	1
-1.365	1	0	0	0	0.75	1	0	1
-1.362	1	0	0	0	0.75	1	0	1
-1.359	1	0	0	0	0.75	1	0	1
-1.356	1	0	0	0	0.75	1	0	1
-1.353	1	0	0	0	0.75	1	0	1
-1.35	1	0	0	0	0.75	1	0	1
-1.347	1	0	0	0	0.75	1	0	1
-1.344	1	0	0	0	0.75	1	0	1
-1.341	1	0	0	0	0.75	1	0	1
-1.338	1	0	0	0	0.75	1	0	1
-1.335	1	0	0	0	0.75	1	0	1
-1.332	1	0	0	0	0.75	1	0	1
-1.329	1	0	0	0	0.75	1	0	1
-1.326	1	0	0	0	0.75	1	0	1
-1.323	1	0	0	0	0.75	1	0	1
-1.32	1	0	0	0	0.75	1	0	1
-1.317	1	0	0	0	0.75	1	0	1
-1.314	1	0	0	0	0.75	1	0	1
-1.311	1	0	0	0	0.75	1	0	1
-1.308	1	0	0	0	0.75	1	0	1
-1.305	1	0	0	0	0.75	1	0	1
-1.302	1	0	0	0	0.75	1	0	1
-1.299	1	0	0	0	0.75	1	0	1
-1.296	1	0	0	0	0.75	1	0	1
-1.293	1	0	0	0	0.75	1	0	1
-1.29	1	0	0	0	0.75	1	0	1
-1.287	1	0	0	0	0.75	1	0	1
-1.284	1	0	0	0	0.75	1	0	1
-1.281	1	0	0	0	0.75	1	0	1
-1.278	1	0	0	0	0.75	1	0	1
-1.275	1	0	0	0	0.75	1	0	1
-1.272	1	0	0	0	0.75	1	0	1
-1.269	1	0	0	0	0.75	1	0	1
-1.266	1	0	0	0	0.75	1	0	1
-1.263	1	0	0	0	0.75	1	0	1
-1.26	1	0	0	0	0.75	1	0	1
-1.257	1	0	0	0	0.75	1	0	1
-1.254	1	0	0	0	0.75	1	0	1
-1.251	1	0	0	0	0.75	1	0	1
-1.248	1	0	0	0	0.75	1	0	1
-1.245	1	0	0	0	0.75	1	0	1
-1.242	1	0	0	0	0.75	1	0	1
-1.239	1	0	0	0	0.75	1	0	1
-1.236	1	0	0	0	0.75	1	0	1
-1.233	1	0	0	0	0.75	1	0	1
-1.23	1	0	0	0	0.75	1	0	1
-1.227	1	0	0	0	0.75	1	0	1
-1.224	1	0	0	0	0.75	1	0	1
-1.221	1	0	0	0	0.75	1	0	1
-1.218	1	0	0	0	0.75	1	0	1
-1.215	1	0	0	0	0.75	1	0	1
-1.212	1	0	0	0	0.75	1	0	1
-1.209	1	0	0	0	0.75	1	0	1
-1.206	1	0	0	0	0.75	1	0	1
-1.203	1	0	0	0	0.75	1	0	1
-1.2	1	0	0	0	0.75	1	0	1
-1.197	1	0	0	0	0.75	1	0	1
-1.194	1	0	0	0	0.75	1	0	1
-1.191	1	0	0	0	0.75	1	0	1
-1.188	1	0	0	0	0.75	1	0	1
-1.185	1	0	0	0	0.75	1	0	1
-1.182	1	0	0	0	0.75	1	0	1
-1.179	1	0	0	0	0.75	1	0	1
-1.176	1	0	0	0	0.75	1	0	1
-1.173	1	0	0	0	0.75	1	0	1
-1.17	1	0	0	0	0.75	1	0	1
-1.167	1	0	0	0	0.75	1	0	1
-1.164	1	0	0	0	0.75	1	0	1
-1.161	1	0	0	0	0.75	1	0	1
-1.158	1	0	0	0	0.75	1	0	1
-1.155	1	0	0	0	0.75	1	0	1
-1.152	1	0	0	0	0.75	1	0	1
-1.149	1	0	0	0	0.75	1	0	1
-1.146	1	0	0	0	0.75	1	0	1
-1.143	1	0	0	0	0.75	1	0	1
-1.14	1	0	0	0	0.75	1	0	1
-1.137	1	0	0	0	0.75	1	0	1
-1.134	1	0	0	0	0.75	1	0	1
-1.131	1	0	0	0	0.75	1	0	1
-1.128	1	0	0	0	0.75	1	0	1
-1.125	1	0	0	0	0.75	1	0	1
-1.122	1	0	0	0	0.75	1	0	1
-1.119	1	0	0	0	0.75	1	0	1
-1.116	1	0	0	0	0.75	1	0	1
-1.113	1	0	0	0	0.75	1	0	1
-1.11	1	0	0	0	0.75	1	0	1
-1.107	1	0	0	0	0.75	1	0	1
-1.104	1	0	0	0	0.75	1	0	1
-1.101	1	0	0	0	0.75	1	0	1
-1.098	1	0	0	0	0.75	1	0	1
-1.095	1	0	0	0	0.75	1	0	1
-1.092	1	0	0	0	0.75	1	0	1
-1.089	1	0	0	0	0.75	1	0	1
-1.086	1	0	0	0	0.75	1	0	1
-1.083	1	0	0	0	0.75	1	0	1
-1.08	1	0	0	0	0.75	1	0	1
-1.077	1	0	0	0	0.75	1	0	1
-1.074	1	0	0	0	0.75	1	0	1
-1.071	1	0	0	0	0.75	1	0	1
-1.068	1	0	0	0	0.75	1	0	1
-1.065	1	0	0	0	0.75	1	0	1
-1.062	1	0	0	0	0.75	1	0	1
-1.059	1	0	0	0	0.75	1	0	1
-1.056	1	0	0	0	0.75	1	0	1
-1.053	1	0	0	0	0.75	1	0	1
-1.05	1	0	0	0	0.75	1	0	1
-1.047	1	0	0	0	0.75	1	0	1
-1.044	1	0	0	0	0.75	1	0	1
-1.041	1	0	0	0	0.75	1	0	1
-1.038	1	0	0	0	0.75	1	0	1
-1.035	1	0	0	0	0.75	1	0	1
-1.032	1	0	0	0	0.75	1	0	1
-1.029	1	0	0	0	0.75	1	0	1
-1.026	1	0	0	0	0.75	1	0	1
-1.023	1	0	0	0	0.75	1	0	1
-1.02	1	0	0	0	0.75	1	0	1
-1.017	1	0	0	0	0.75	1	0	1
-1.014	1	0	0	0	0.75	1	0	1
-1.011	1	0	0	0	0.75	1	0	1
-1.008	1	0	0	0	0.75	1	0	1
-1.005	1	0	0	0	0.75	1	0	1
-1.002	1	0	0	0	0.75	1	0	1
-0.999	1	0	0	0	0.75	1	0	1
-0.996	1	0	0	0	0.75	1	0	1
-0.993	1	0	0	0	0.75	1	0	1
-0.99	1	0	0	0	0.75	1	0	1
-0.987	1	0	0	0	0.75	1	0	1
-0.984	1	0	0	0	0.75	1	0	1
-0.981	1	-7.65342e-17	2.78008e-18	-1.54931e-08	0.75	1	-1.54931e-08	1
-0.978	1	-8.09891e-17	-1.25267e-16	-2.36738e-08	0.75	1	-2.36738e-08	1
-0.975	1	-1.61933e-17	-4.39398e-16	-3.66977e-08	0.75	1	-3.66977e-08	1
-0.972	1	-3.44961e-17	-1.00828e-15	-5.23124e-08	0.75	1	-5.23124e-08	1
-0.969	1	-1.42087e-16	-1.83823e-15	-6.84776e-08	0.75	1	-6.84776e-08	1
-0.966	1	-1.56893e-16	-2.88925e-15	-8.37281e-08	0.75	1	-8.37281e-08	1
-0.963	1	-1.3862e-16	-4.02603e-15	-9.72251e-08	0.75	1	-9.72251e-08	1
-0.96	1	-2.22428e-16	-5.12543e-15	-1.08631e-07	0.75	1	-1.08631e-07	1
-0.957	1	-2.18506e-16	-6.14132e-15	-1.17941e-07	0.75	1	-1.17941e-07	1
-0.954	1	-1.88033e-16	-7.0153e-15	-1.2534e-07	0.75	1	-1.2534e-07	1
-0.951	1	-2.58332e-16	-7.72588e-15	-1.311e-07	0.75	1	-1.311e-07	1
-0.948	1	-3.3605e-16	-1.02441e-14	-1.50303e-07	0.75	1	-1.50303e-07	1
-0.945	1	-3.46483e-16	-1.19196e-14	-1.61409e-07	0.75	1	-1.61409e-07	1
-0.942	1	-2.96383e-16	-1.31709e-14	-1.69075e-07	0.75	1	-1.69075e-07	1
-0.939	1	-2.62797e-16	-1.40951e-14	-1.74509e-07	0.75	1	-1.74509e-07	1
-0.936	1	-2.64764e-16	-1.70427e-14	-1.91389e-07	0.75	1	-1.91389e-07	1
-0.933	1	-2.30105e-16	-1.87895e-14	-2.00451e-07	0.75	1	-2.00451e-07	1
-0.93	1	-2.36141e-16	-1.99833e-14	-2.06379e-07	0.75	1	-2.06379e-07	1
-0.927	1	-3.29675e-16	-2.35946e-14	-2.23917e-07	0.75	1	-2.23917e-07	1
-0.924	1	-3.2457e-16	-2.56133e-14	-2.32891e-07	0.75	1	-2.32891e-07	1
-0.921	1	-2.69283e-16	-2.69519e-14	-2.38572e-07	0.75	1	-2.38572e-07	1
-0.918	1	-3.28035e-16	-3.0851e-14	-2.5495e-07	0.75	1	-2.5495e-07	1
-0.915	1	-3.77988e-16	-3.29287e-14	-2.63094e-07	0.75	1	-2.63094e-07	1
-0.912	1	-4.51509e-16	-3.42594e-14	-2.6814e-07	0.75	1	-2.6814e-07	1
-0.909	1	-5.14144e-16	-3.80881e-14	-2.82439e-07	0.75	1	-2.82439e-07	1
-0.906	1	-5.65069e-16	-4.00529e-14	-2.89408e-07	0.75	1	-2.89408e-07	1
-0.903	1	-6.43151e-16	-4.54146e-14	-3.07932e-07	0.75	1	-3.07932e-07	1
-0.9	1	-6.56715e-16	-4.8069e-14	-3.16556e-07	0.75	1	-3.16556e-07	1
-0.897	1	-6.50762e-16	-4.97018e-14	-3.21692e-07	0.75	1	-3.21692e-07	1
-0.894	1	-6.71748e-16	-5.42511e-14	-3.35818e-07	0.75	1	-3.35818e-07	1
-0.891	1	-6.869e-16	-5.64864e-14	-3.42482e-07	0.75	1	-3.42482e-07	1
-0.888	1	-7.36817e-16	-6.24024e-14	-3.59777e-07	0.75	1	-3.59777e-07	1
-0.885	1	-7.43091e-16	-6.52272e-14	-3.67614e-07	0.75	1	-3.67614e-07	1
-0.882	1	-8.28374e-16	-7.2557e-14	-3.87536e-07	0.75	1	-3.87536e-07	1
-0.879	1	-8.36517e-16	-7.59918e-14	-3.96391e-07	0.75	1	-3.96391e-07	1
-0.876	1	-8.90466e-16	-7.80101e-14	-4.01496e-07	0.75	1	-4.01496e-07	1
-0.873	1	-9.3839e-16	-8.35116e-14	-4.15183e-07	0.75	1	-4.15183e-07	1
-0.87	1	-8.96116e-16	-8.61188e-14	-4.21452e-07	0.75	1	-4.21452e-07	1
-0.867	1	-1.00975e-15	-9.28041e-14	-4.37362e-07	0.75	1	-4.37362e-07	1
-0.864	1	-1.04282e-15	-9.58813e-14	-4.44388e-07	0.75	1	-4.44388e-07	1
-0.861	1	-1.02784e-15	-1.03671e-13	-4.61902e-07	0.75	1	-4.61902e-07	1
-0.858	1	-1.01104e-15	-1.07187e-13	-4.69511e-07	0.75	1	-4.69511e-07	1
-0.855	1	-1.00175e-15	-1.1602e-13	-4.88293e-07	0.75	1	-4.88293e-07	1
-0.852	1	-9.69062e-16	-1.19976e-13	-4.9637e-07	0.75	1	-4.9637e-07	1
-0.849	1	-1.0377e-15	-1.29798e-13	-5.16168e-07	0.75	1	-5.16168e-07	1
-0.846	1	-1.07014e-15	-1.34148e-13	-5.24617e-07	0.75	1	-5.24617e-07	1
-0.843	1	-1.07046e-15	-1.34147e-13	-5.24617e-07	0.75	1	-5.24617e-07	1
-0.84	1	-1.10605e-15	-1.43125e-13	-5.41726e-07	0.75	1	-5.41726e-07	1
-0.837	1	-1.11271e-15	-1.46114e-13	-5.47238e-07	0.75	1	-5.47238e-07	1
-0.834	1	-1.14646e-15	-1.53599e-13	-5.60926e-07	0.75	1	-5.60926e-07	1
-0.831	1	-1.1581e-15	-1.56901e-13	-5.66817e-07	0.75	1	-5.66817e-07	1
-0.828	1	-1.2356e-15	-1.65057e-13	-5.81219e-07	0.75	1	-5.81219e-07	1
-0.825	1	-1.21939e-15	-1.68623e-13	-5.87333e-07	0.75	1	-5.87333e-07	1
-0.822	1	-1.20018e-15	-1.7734e-13	-6.02162e-07	0.75	1	-6.02162e-07	1
-0.819	1	-1.23385e-15	-1.81091e-13	-6.08408e-07	0.75	1	-6.08408e-07	1
-0.816	1	-1.24285e-15	-1.9027e-13	-6.23475e-07	0.75	1	-6.23475e-07	1
-0.813	1	-1.23827e-15	-1.94216e-13	-6.29785e-07	0.75	1	-6.29785e-07	1
-0.81	1	-1.26134e-15	-2.03772e-13	-6.44948e-07	0.75	1	-6.44948e-07	1
-0.807	1	-1.26937e-15	-2.07852e-13	-6.51271e-07	0.75	1	-6.51271e-07	1
-0.804	1	-1.33489e-15	-2.17719e-13	-6.66416e-07	0.75	1	-6.66416e-07	1
-0.801	1	-1.32649e-15	-2.21921e-13	-6.72708e-07	0.75	1	-6.72708e-07	1
-0.798	1	-1.35881e-15	-2.32032e-13	-6.87738e-07	0.75	1	-6.87738e-07	1
-0.795	1	-1.40489e-15	-2.36316e-13	-6.93963e-07	0.75	1	-6.93963e-07	1
-0.792	1	-1.40656e-15	-2.46625e-13	-7.08797e-07	0.75	1	-7.08797e-07	1
-0.789	1	-1.46744e-15	-2.50963e-13	-7.14924e-07	0.75	1	-7.14924e-07	1
-0.786	1	-1.5226e-15	-2.61383e-13	-7.29496e-07	0.75	1	-7.29496e-07	1
-0.783	1	-1.50806e-15	-2.65776e-13	-7.35499e-07	0.75	1	-7.35499e-07	1
-0.78	1	-1.53967e-15	-2.76256e-13	-7.4975e-07	0.75	1	-7.4975e-07	1
-0.777	1	-1.54719e-15	-2.80649e-13	-7.55608e-07	0.75	1	-7.55608e-07	1
-0.774	1	-1.57403e-15	-2.91138e-13	-7.6949e-07	0.75	1	-7.6949e-07	1
-0.771	1	-1.5818e-15	-2.95521e-13	-7.75186e-07	0.75	1	-7.75186e-07	1
-0.768	1	-1.64019e-15	-3.05971e-13	-7.88661e-07	0.75	1	-7.88661e-07	1
-0.765	1	-1.62221e-15	-3.10336e-13	-7.94179e-07	0.75	1	-7.94179e-07	1
-0.762	1	-1.55226e-15	-3.20701e-13	-8.07217e-07	0.75	1	-8.07217e-07	1
-0.759	1	-1.58984e-15	-3.24994e-13	-8.12547e-07	0.75	1	-8.12547e-07	1
-0.756	1	-1.55163e-15	-3.35223e-13	-8.25123e-07	0.75	1	-8.25123e-07	1
-0.753	1	-1.53813e-15	-3.39452e-13	-8.30257e-07	0.75	1	-8.30257e-07	1
-0.75	1	-1.55437e-15	-3.49502e-13	-8.42355e-07	0.75	1	-8.42355e-07	1
-0.747	1	-1.51526e-15	-3.49508e-13	-8.42355e-07	0.75	1	-8.42355e-07	1
-0.744	1	-1.56303e-15	-3.63431e-13	-8.58893e-07	0.75	1	-8.58893e-07	1
-0.741	1	-1.57348e-15	-3.63427e-13	-8.58893e-07	0.75	1	-8.58893e-07	1
-0.738	1	-1.61876e-15	-3.77019e-13	-8.74728e-07	0.75	1	-8.74728e-07	1
-0.735	1	-1.68391e-15	-3.9422e-13	-8.94399e-07	0.75	1	-8.94399e-07	1
-0.732	1	-1.68277e-15	-4.00609e-13	-9.01531e-07	0.75	1	-9.01531e-07	1
-0.729	1	-1.70016e-15	-4.15121e-13	-9.17615e-07	0.75	1	-9.17615e-07	1
-0.726	1	-1.71462e-15	-4.2092e-13	-9.23935e-07	0.75	1	-9.23935e-07	1
-0.723	1	-1.75399e-15	-4.34381e-13	-9.38512e-07	0.75	1	-9.38512e-07	1
-0.72	1	-1.815e-15	-4.39829e-13	-9.44326e-07	0.75	1	-9.44326e-07	1
-0.717	1	-1.82117e-15	-4.52581e-13	-9.57823e-07	0.75	1	-9.57823e-07	1
-0.714	1	-1.77925e-15	-4.57772e-13	-9.63234e-07	0.75	1	-9.63234e-07	1
-0.711	1	-1.85855e-15	-4.69894e-13	-9.75825e-07	0.75	1	-9.75825e-07	1
-0.708	1	-1.88528e-15	-4.74837e-13	-9.80884e-07	0.75	1	-9.80884e-07	1
-0.705	1	-1.88806e-15	-4.86404e-13	-9.92668e-07	0.75	1	-9.92668e-07	1
-0.702	1	-1.89669e-15	-4.86401e-13	-9.92668e-07	0.75	1	-9.92668e-07	1
-0.699	1	-1.93235e-15	-5.02064e-13	-1.00845e-06	0.75	1	-1.00845e-06	1
-0.696	1	-2.00635e-15	-5.21558e-13	-1.02779e-06	0.75	1	-1.02779e-06	1
-0.693	1	-2.03366e-15	-5.2867e-13	-1.03472e-06	0.75	1	-1.03472e-06	1
-0.69	1	-2.00574e-15	-5.44717e-13	-1.05022e-06	0.75	1	-1.05022e-06	1
-0.687	1	-1.97896e-15	-5.51053e-13	-1.05625e-06	0.75	1	-1.05625e-06	1
-0.684	1	-2.02367e-15	-5.65624e-13	-1.07005e-06	0.75	1	-1.07005e-06	1
-0.681	1	-2.02413e-15	-5.71468e-13	-1.07551e-06	0.75	1	-1.07551e-06	1
-0.678	1	-2.03628e-15	-5.8501e-13	-1.08809e-06	0.75	1	-1.08809e-06	1
-0.675	1	-2.04635e-15	-5.90456e-13	-1.0931e-06	0.75	1	-1.0931e-06	1
-0.672	1	-2.06428e-15	-6.03112e-13	-1.10468e-06	0.75	1	-1.10468e-06	1
-0.669	1	-2.06692e-15	-6.03112e-13	-1.10468e-06	0.75	1	-1.10468e-06	1
-0.666	1	-2.15236e-15	-6.20025e-13	-1.12e-06	0.75	1	-1.12e-06	1
-0.663	1	-2.19163e-15	-6.40873e-13	-1.13861e-06	0.75	1	-1.13861e-06	1
-0.66	1	-2.15553e-15	-6.48414e-13	-1.14523e-06	0.75	1	-1.14523e-06	1
-0.657	1	-2.19103e-15	-6.65268e-13	-1.15994e-06	0.75	1	-1.15994e-06	1
-0.654	1	-2.2041e-15	-6.71863e-13	-1.16563e-06	0.75	1	-1.16563e-06	1
-0.651	1	-2.23645e-15	-6.86964e-13	-1.17859e-06	0.75	1	-1.17859e-06	1
-0.648	1	-2.24474e-15	-6.92969e-13	-1.18369e-06	0.75	1	-1.18369e-06	1
-0.645	1	-2.30296e-15	-7.06819e-13	-1.19539e-06	0.75	1	-1.19539e-06	1
-0.642	1	-2.32611e-15	-7.06824e-13	-1.19539e-06	0.75	1	-1.19539e-06	1
-0.639	1	-2.3742e-15	-7.25101e-13	-1.21069e-06	0.75	1	-1.21069e-06	1
-0.636	1	-2.39531e-15	-7.47424e-13	-1.22913e-06	0.75	1	-1.22913e-06	1
-0.633	1	-2.37801e-15	-7.55428e-13	-1.23565e-06	0.75	1	-1.23565e-06	1
-0.63	1	-2.42801e-15	-7.73235e-13	-1.25007e-06	0.75	1	-1.25007e-06	1
-0.627	1	-2.45145e-15	-7.80156e-13	-1.25561e-06	0.75	1	-1.25561e-06	1
-0.624	1	-2.48527e-15	-7.95952e-13	-1.2682e-06	0.75	1	-1.2682e-06	1
-0.621	1	-2.49106e-15	-7.95949e-13	-1.2682e-06	0.75	1	-1.2682e-06	1
-0.618	1	-2.57244e-15	-8.16493e-13	-1.2844e-06	0.75	1	-1.2844e-06	1
-0.615	1	-2.65922e-15	-8.41354e-13	-1.30376e-06	0.75	1	-1.30376e-06	1
-0.612	1	-2.65476e-15	-8.5021e-13	-1.31055e-06	0.75	1	-1.31055e-06	1
-0.609	1	-2.62671e-15	-8.69819e-13	-1.3255e-06	0.75	1	-1.3255e-06	1
-0.606	1	-2.60632e-15	-8.77401e-13	-1.33122e-06	0.75	1	-1.33122e-06	1
-0.603	1	-2.64644e-15	-8.94615e-13	-1.34416e-06	0.75	1	-1.34416e-06	1
-0.6	1	-2.64967e-15	-9.01394e-13	-1.3492e-06	0.75	1	-1.3492e-06	1
-0.597	1	-2.64626e-15	-9.16926e-13	-1.3607e-06	0.75	1	-1.3607e-06	1
-0.594	1	-2.62629e-15	-9.4377e-13	-1.38039e-06	0.75	1	-1.38039e-06	1
-0.591	1	-2.2252e-15	-9.53442e-13	-1.38726e-06	0.75	1	-1.38726e-06	1
-0.588	1	-1.44443e-15	-9.74715e-13	-1.40236e-06	0.75	1	-1.40236e-06	1
-0.585	1	-1.53429e-16	-9.83264e-13	-1.40812e-06	0.75	1	-1.40812e-06	1
-0.582	1	1.89184e-15	-1.00228e-12	-1.42111e-06	0.75	1	-1.42111e-06	1
-0.579	1	4.89568e-15	-1.0106e-12	-1.42616e-06	0.75	1	-1.42616e-06	1
-0.576	1	9.31602e-15	-1.02866e-12	-1.43766e-06	0.75	1	-1.43766e-06	1
-0.573	1	1.58537e-14	-1.05913e-12	-1.45728e-06	0.75	1	-1.45728e-06	1
-0.57	1	2.54249e-14	-1.07244e-12	-1.46412e-06	0.75	1	-1.46412e-06	1
-0.567	1	3.8999e-14	-1.09922e-12	-1.4791e-06	0.75	1	-1.4791e-06	1
-0.564	1	5.80974e-14	-1.11439e-12	-1.4848e-06	0.75	1	-1.4848e-06	1
-0.561	1	8.44879e-14	-1.14279e-12	-1.49763e-06	0.75	1	-1.49763e-06	1
-0.558	1	9.97644e-14	-1.14824e-12	-1.49763e-06	0.75	1	-1.49763e-06	1
-0.555	1	1.4115e-13	-1.1875e-12	-1.51392e-06	0.75	1	-1.51392e-06	1
-0.552	1	1.96575e-13	-1.23652e-12	-1.53319e-06	0.75	1	-1.53319e-06	1
-0.549	1	2.69694e-13	-1.27296e-12	-1.53988e-06	0.75	1	-1.53988e-06	1
-0.546	1	3.64837e-13	-1.32938e-12	-1.55453e-06	0.75	1	-1.55453e-06	1
-0.543	1	4.86781e-13	-1.38136e-12	-1.56009e-06	0.75	1	-1.56009e-06	1
-0.54	1	6.40547e-13	-1.4558e-12	-1.5726e-06	0.75	1	-1.5726e-06	1
-0.537	1	7.26129e-13	-1.48638e-12	-1.5726e-06	0.75	1	-1.5726e-06	1
-0.534	1	9.37655e-13	-1.58665e-12	-1.58843e-06	0.75	1	-1.58843e-06	1
-0.531	1	1.19496e-12	-1.708e-12	-1.60711e-06	0.75	1	-1.60711e-06	1
-0.528	1	1.50332e-12	-1.82816e-12	-1.61359e-06	0.75	1	-1.61359e-06	1
-0.525	1	1.86713e-12	-1.98052e-12	-1.62775e-06	0.75	1	-1.62775e-06	1
-0.522	1	2.28937e-12	-2.13958e-12	-1.63312e-06	0.75	1	-1.63312e-06	1
-0.519	1	2.77113e-12	-2.33102e-12	-1.64517e-06	0.75	1	-1.64517e-06	1
-0.516	1	3.02694e-12	-2.42238e-12	-1.64517e-06	0.75	1	-1.64517e-06	1
-0.513	1	3.59633e-12	-2.65037e-12	-1.66039e-06	0.75	1	-1.66039e-06	1
-0.51	1	4.2181e-12	-2.90175e-12	-1.67832e-06	0.75	1	-1.67832e-06	1
-0.507	1	4.88408e-12	-3.14948e-12	-1.68452e-06	0.75	1	-1.68452e-06	1
-0.504	1	5.58254e-12	-3.42118e-12	-1.69807e-06	0.75	1	-1.69807e-06	1
-0.501	1	6.29864e-12	-3.68503e-12	-1.7032e-06	0.75	1	-1.7032e-06	1
-0.498	1	7.01447e-12	-3.9597e-12	-1.7147e-06	0.75	1	-1.7147e-06	1
-0.495	1	7.70971e-12	-4.24065e-12	-1.73404e-06	0.75	1	-1.73404e-06	1
-0.492	1	8.36272e-12	-4.48478e-12	-1.74067e-06	0.75	1	-1.74067e-06	1
-0.489	1	8.95069e-12	-4.71937e-12	-1.75508e-06	0.75	1	-1.75508e-06	1
-0.486	1	9.45134e-12	-4.90737e-12	-1.76051e-06	0.75	1	-1.76051e-06	1
-0.483	1	9.84423e-12	-5.06881e-12	-1.77264e-06	0.75	1	-1.77264e-06	1
-0.48	1	1.00113e-11	-5.12842e-12	-1.77264e-06	0.75	1	-1.77264e-06	1
-0.477	1	1.02122e-11	-5.22684e-12	-1.78785e-06	0.75	1	-1.78785e-06	1
-0.474	1	1.02679e-11	-5.27846e-12	-1.80568e-06	0.75	1	-1.80568e-06	1
-0.471	1	1.01721e-11	-5.25553e-12	-1.81182e-06	0.75	1	-1.81182e-06	1
-0.468	1	9.92432e-12	-5.19157e-12	-1.82519e-06	0.75	1	-1.82519e-06	1
-0.465	1	9.52958e-12	-5.06007e-12	-1.83023e-06	0.75	1	-1.83023e-06	1
-0.462	1	8.9988e-12	-4.89143e-12	-1.84151e-06	0.75	1	-1.84151e-06	1
-0.459	1	8.34795e-12	-4.69433e-12	-1.86042e-06	0.75	1	-1.86042e-06	1
-0.456	1	7.59699e-12	-4.4388e-12	-1.86689e-06	0.75	1	-1.86689e-06	1
-0.453	1	6.76897e-12	-4.16989e-12	-1.8809e-06	0.75	1	-1.8809e-06	1
-0.45	1	5.88859e-12	-3.8661e-12	-1.88616e-06	0.75	1	-1.88616e-06	1
-0.447	1	4.98101e-12	-3.56487e-12	-1.89789e-06	0.75	1	-1.89789e-06	1
-0.444	1	4.07065e-12	-3.27774e-12	-1.9175e-06	0.75	1	-1.9175e-06	1
-0.441	1	3.17981e-12	-2.97311e-12	-1.92419e-06	0.75	1	-1.92419e-06	1
-0.438	1	2.32769e-12	-2.69725e-12	-1.93864e-06	0.75	1	-1.93864e-06	1
-0.435	1	1.53e-12	-2.42342e-12	-1.94406e-06	0.75	1	-1.94406e-06	1
-0.432	1	7.9843e-13	-2.18613e-12	-1.95612e-06	0.75	1	-1.95612e-06	1
-0.429	1	4.50399e-13	-2.06206e-12	-1.95612e-06	0.75	1	-1.95612e-06	1
-0.426	1	-1.68918e-13	-1.87072e-12	-1.97114e-06	0.75	1	-1.97114e-06	1
-0.423	1	-7.09837e-13	-1.71252e-12	-1.98865e-06	0.75	1	-1.98865e-06	1
-0.42	1	-1.17348e-12	-1.55932e-12	-1.99466e-06	0.75	1	-1.99466e-06	1
-0.417	1	-1.56362e-12	-1.44641e-12	-2.00771e-06	0.75	1	-2.00771e-06	1
-0.414	1	-1.74088e-12	-1.38327e-12	-2.00771e-06	0.75	1	-2.00771e-06	1
-0.411	1	-2.03119e-12	-1.3116e-12	-2.02354e-06	0.75	1	-2.02354e-06	1
-0.408	1	-2.26488e-12	-1.26529e-12	-2.04181e-06	0.75	1	-2.04181e-06	1
-0.405	1	-2.44958e-12	-1.21224e-12	-2.04803e-06	0.75	1	-2.04803e-06	1
-0.402	1	-2.59299e-12	-1.18875e-12	-2.06148e-06	0.75	1	-2.06148e-06	1
-0.399	1	-2.70258e-12	-1.16011e-12	-2.06651e-06	0.75	1	-2.06651e-06	1
-0.396	1	-2.78476e-12	-1.15402e-12	-2.07772e-06	0.75	1	-2.07772e-06	1
-0.393	1	-2.84524e-12	-1.1711e-12	-2.09638e-06	0.75	1	-2.09638e-06	1
-0.39	1	-2.88897e-12	-1.16882e-12	-2.10272e-06	0.75	1	-2.10272e-06	1
-0.387	1	-2.92004e-12	-1.18692e-12	-2.11641e-06	0.75	1	-2.11641e-06	1
-0.384	1	-2.94147e-12	-1.19035e-12	-2.12152e-06	0.75	1	-2.12152e-06	1
-0.381	1	-2.95581e-12	-1.20934e-12	-2.13287e-06	0.75	1	-2.13287e-06	1
-0.378	1	-2.96527e-12	-1.24638e-12	-2.15177e-06	0.75	1	-2.15177e-06	1
-0.375	1	-2.97117e-12	-1.25813e-12	-2.15818e-06	0.75	1	-2.15818e-06	1
-0.372	1	-2.97435e-12	-1.28665e-12	-2.17199e-06	0.75	1	-2.17199e-06	1
-0.369	1	-2.97574e-12	-1.29712e-12	-2.17714e-06	0.75	1	-2.17714e-06	1
-0.366	1	-2.97607e-12	-1.3217e-12	-2.18858e-06	0.75	1	-2.18858e-06	1
-0.363	1	-2.97579e-12	-1.36335e-12	-2.20759e-06	0.75	1	-2.20759e-06	1
-0.36	1	-2.975e-12	-1.37784e-12	-2.21403e-06	0.75	1	-2.21403e-06	1
-0.357	1	-2.97389e-12	-1.409e-12	-2.22789e-06	0.75	1	-2.22789e-06	1
-0.354	1	-2.97262e-12	-1.42115e-12	-2.23306e-06	0.75	1	-2.23306e-06	1
-0.351	1	-2.97147e-12	-1.5346e-12	-2.28299e-06	0.75	1	-2.28299e-06	1
-0.348	1	-2.97046e-12	-1.99587e-12	-2.47648e-06	0.75	1	-2.47648e-06	1
-0.345	1	-2.96938e-12	-3.23258e-12	-2.93333e-06	0.75	1	-2.93333e-06	1
-0.342	1	-2.96819e-12	-6.35334e-12	-3.85281e-06	0.75	1	-3.85281e-06	1
-0.339	1	-2.96701e-12	-1.45134e-11	-5.58235e-06	0.75	1	-5.58235e-06	1
-0.336	1	-2.96576e-12	-3.68859e-11	-8.71241e-06	0.75	1	-8.71241e-06	1
-0.333	1	-2.96444e-12	-1.0022e-10	-1.42328e-05	0.75	1	-1.42328e-05	1
-0.33	1	-2.96324e-12	-2.81607e-10	-2.3777e-05	0.75	1	-2.3777e-05	1
-0.327	1	-2.96198e-12	-7.9894e-10	-4.00001e-05	0.75	1	-4.00001e-05	1
-0.324	1	-2.96067e-12	-2.25362e-09	-6.71518e-05	0.75	1	-6.71518e-05	1
-0.321	1	-2.95949e-12	-6.26295e-09	-0.000111929	0.75	1	-0.000111929	1
-0.318	1	-2.95837e-12	-1.70592e-08	-0.000184717	0.75	1	-0.000184717	1
-0.315	1	-2.95717e-12	-4.54116e-08	-0.000301372	0.75	1	-0.000301372	1
-0.312	1	-2.95599e-12	-1.17954e-07	-0.000485705	0.75	1	-0.000485705	1
-0.309	1	-2.955e-12	-2.98676e-07	-0.000772887	0.75	1	-0.000772887	1
-0.306	1	-2.95398e-12	-7.36907e-07	-0.00121401	0.75	0.999999	-0.00121401	1
-0.303	1	-2.95295e-12	-1.77099e-06	-0.00188201	0.75	0.999998	-0.00188201	1
-0.3	1	-2.95189e-12	-4.14504e-06	-0.00287925	0.75	0.999996	-0.00287925	1
-0.297	1	-2.95087e-12	-9.44716e-06	-0.00434675	0.75	0.999991	-0.00434675	1
-0.294	1	-2.95e-12	-2.09651e-05	-0.00647532	0.75	0.999979	-0.00647532	1
-0.291	1	-2.94915e-12	-4.52996e-05	-0.00951825	0.75	0.999955	-0.00951825	1
-0.288	1	-2.94834e-12	-9.52961e-05	-0.0138052	0.75	0.999905	-0.0138052	1
-0.285	1	-2.94756e-12	-0.000195177	-0.0197564	0.75	0.999805	-0.0197564	1
-0.282	1	-2.94688e-12	-0.000389181	-0.0278964	0.75	0.999611	-0.0278964	1
-0.279	1	-2.94618e-12	-0.000755504	-0.0388644	0.75	0.999244	-0.0388644	1
-0.276	1	-2.9455e-12	-0.00142786	-0.0534198	0.75	0.998572	-0.0534198	1
-0.273	1	-2.94495e-12	-0.00262722	-0.0724398	0.75	0.997373	-0.0724398	1
-0.27	1	-2.94424e-12	-0.00470614	-0.0969027	0.75	0.995294	-0.0969027	1
-0.267	1	-2.94362e-12	-0.00820699	-0.127854	0.75	0.991793	-0.127854	1
-0.264	1	-2.94315e-12	-0.0139326	-0.166346	0.75	0.986067	-0.166346	1
-0.261	1	-2.94256e-12	-0.0230239	-0.213349	0.75	0.976976	-0.213349	1
-0.258	1	-2.94221e-12	-0.0370311	-0.269613	0.75	0.962969	-0.269613	1
-0.255	1	-2.94233e-12	-0.0579586	-0.335497	0.75	0.942041	-0.335497	1
-0.252	1	-2.94306e-12	-0.0882524	-0.410751	0.75	0.911748	-0.410751	1
-0.249	1	-2.94471e-12	-0.130696	-0.494277	0.75	0.869304	-0.494277	1
-0.246	1	-2.94768e-12	-0.188181	-0.583909	0.75	0.811819	-0.583909	1
-0.243	1	-2.95295e-12	-0.26334	-0.676264	0.75	0.73666	-0.676264	1
-0.24	1	-2.96163e-12	-0.358058	-0.766753	0.75	0.641942	-0.766753	1
-0.237	1	-2.97521e-12	-0.472928	-0.849821	0.75	0.527072	-0.849821	1
-0.234	1	-2.99632e-12	-0.606785	-0.919446	0.75	0.393215	-0.919446	1
-0.231	1	-3.02806e-12	-0.756442	-0.969886	0.75	0.243558	-0.969886	1
-0.228	1	-3.07464e-12	-0.916783	-0.996531	0.75	0.0832174	-0.996531	1
-0.225	1	-3.14113e-12	-1.08125	-0.996694	0.75	-0.0812463	-0.996694	1
-0.222	1	-3.23379e-12	-1.24265	-0.970114	0.75	-0.24265	-0.970114	1
-0.219	1	-3.36061e-12	-1.39417	-0.919035	0.75	-0.394175	-0.919035	1
-0.216	1	-3.53003e-12	-1.53027	-0.84783	0.75	-0.530269	-0.84783	1
-0.213	1	-3.75136e-12	-1.64727	-0.76226	0.75	-0.647271	-0.76226	1
-0.21	1	-4.03415e-12	-1.74362	-0.668598	0.75	-0.743624	-0.668598	1
-0.207	1	-4.38736e-12	-1.8197	-0.572792	0.75	-0.819701	-0.572792	1
-0.204	1	-4.81846e-12	-1.87735	-0.479855	0.75	-0.877348	-0.479855	1
-0.201	1	-5.3322e-12	-1.91931	-0.393536	0.75	-0.919309	-0.393536	1
-0.198	1	-5.92897e-12	-1.94867	-0.316256	0.75	-0.948674	-0.316256	1
-0.195	1	-6.60418e-12	-1.96844	-0.249233	0.75	-0.968444	-0.249233	1
-0.192	1	-7.34691e-12	-1.98125	-0.192719	0.75	-0.981254	-0.192719	1
-0.189	1	-8.13857e-12	-1.98925	-0.146267	0.75	-0.989245	-0.146267	1
-0.186	1	-8.95193e-12	-1.99404	-0.108977	0.75	-0.994044	-0.108977	1
-0.183	1	-9.75363e-12	-1.99682	-0.079705	0.75	-0.996818	-0.079705	1
-0.18	1	-1.05047e-11	-1.99836	-0.0572196	0.75	-0.998362	-0.0572196	1
-0.177	1	-1.1162e-11	-1.99919	-0.0403099	0.75	-0.999187	-0.0403099	1
-0.174	1	-1.16829e-11	-1.99961	-0.0278588	0.75	-0.999612	-0.0278588	1
-0.171	1	-1.20287e-11	-1.99982	-0.018882	0.75	-0.999822	-0.018882	1
-0.168	1	-1.21672e-11	-1.99992	-0.0125463	0.75	-0.999921	-0.0125463	1
-0.165	1	-1.20778e-11	-1.99997	-0.00816948	0.75	-0.999967	-0.00816948	1
-0.162	1	-1.17535e-11	-1.99999	-0.00521092	0.75	-0.999986	-0.00521092	1
-0.159	1	-1.12015e-11	-1.99999	-0.00325461	0.75	-0.999995	-0.00325461	1
-0.156	1	-1.04442e-11	-2	-0.00198961	0.75	-0.999998	-0.00198961	1
-0.153	1	-9.51631e-12	-2	-0.00118996	0.75	-0.999999	-0.00118996	1
-0.15	1	-8.46278e-12	-2	-0.000695996	0.75	-1	-0.000695996	1
-0.147	1	-7.33397e-12	-2	-0.000397917	0.75	-1	-0.000397917	1
-0.144	1	-6.18144e-12	-2	-0.000222272	0.75	-1	-0.000222272	1
-0.141	1	-5.05273e-12	-2	-0.000121247	0.75	-1	-0.000121247	1
-0.138	1	-3.98972e-12	-2	-6.45539e-05	0.75	-1	-6.45539e-05	1
-0.135	1	-3.02419e-12	-2	-3.35256e-05	0.75	-1	-3.35256e-05	1
-0.132	1	-2.17676e-12	-2	-1.69715e-05	0.75	-1	-1.69715e-05	1
-0.129	1	-1.45849e-12	-2	-8.36595e-06	0.75	-1	-8.36595e-06	1
-0.126	1	-8.7046e-13	-2	-4.00908e-06	0.75	-1	-4.00908e-06	1
-0.123	1	-4.0569e-13	-2	-1.86165e-06	0.75	-1	-1.86165e-06	1
-0.12	1	-5.28889e-14	-2	-8.31505e-07	0.75	-1	-8.31504e-07	1
-0.117	1	2.02715e-13	-2	-3.50648e-07	0.75	-1	-3.50648e-07	1
-0.114	1	3.75054e-13	-2	-1.32448e-07	0.75	-1	-1.32447e-07	1
-0.111	1	4.77516e-13	-2	-3.60924e-08	0.75	-1	-3.60921e-08	1
-0.108	1	5.20487e-13	-2	4.94698e-12	0.75	-1	5.3223e-12	1
-0.105	1	5.3863e-13	-2	4.94357e-12	0.75	-1	5.32571e-12	1
-0.102	1	5.60564e-13	-2	4.93465e-12	0.75	-1	5.33463e-12	1
-0.099	1	5.80214e-13	-2	4.9265e-12	0.75	-1	5.34278e-12	1
-0.096	1	5.98886e-13	-2	4.91748e-12	0.75	-1	5.3518e-12	1
-0.093	1	6.16505e-13	-2	4.90818e-12	0.75	-1	5.3611e-12	1
-0.09	1	6.33312e-13	-2	4.89921e-12	0.75	-1	5.37007e-12	1
-0.087	1	6.48849e-13	-2	4.889e-12	0.75	-1	5.38028e-12	1
-0.084	1	6.62413e-13	-2	4.87891e-12	0.75	-1	5.39037e-12	1
-0.081	1	6.73973e-13	-2	4.86853e-12	0.75	-1	5.40075e-12	1
-0.078	1	6.87321e-13	-2	4.85582e-12	0.75	-1	5.41346e-12	1
-0.075	1	6.98655e-13	-2	4.8443e-12	0.75	-1	5.42498e-12	1
-0.072	1	7.08148e-13	-2	4.83157e-12	0.75	-1	5.4377e-12	1
-0.069	1	7.18313e-13	-2	4.81759e-12	0.75	-1	5.45169e-12	1
-0.066	1	7.27067e-13	-2	4.80384e-12	0.75	-1	5.46543e-12	1
-0.063	1	7.35479e-13	-2	4.7883e-12	0.75	-1	5.48098e-12	1
-0.06	1	7.42239e-13	-2	4.77407e-12	0.75	-1	5.49521e-12	1
-0.057	1	7.49524e-13	-2	4.7567e-12	0.75	-1	5.51258e-12	1
-0.054	1	7.54668e-13	-2	4.74134e-12	0.75	-1	5.52794e-12	1
-0.051	1	7.59465e-13	-2	4.72281e-12	0.75	-1	5.54647e-12	1
-0.048	1	7.64111e-13	-2	4.70357e-12	0.75	-1	5.56571e-12	1
-0.045	1	7.68269e-13	-2	4.68295e-12	0.75	-1	5.58633e-12	1
-0.042	1	7.70989e-13	-2	4.66213e-12	0.75	-1	5.60715e-12	1
-0.039	1	7.73961e-13	-2	4.63979e-12	0.75	-1	5.62949e-12	1
-0.036	1	7.75589e-13	-2	4.61684e-12	0.75	-1	5.65244e-12	1
-0.033	1	7.76888e-13	-2	4.59345e-12	0.75	-1	5.67583e-12	1
-0.03	1	7.76968e-13	-2	4.5686e-12	0.75	-1	5.70068e-12	1
-0.027	1	7.76324e-13	-2	4.54318e-12	0.75	-1	5.7261e-12	1
-0.024	1	7.75374e-13	-2	4.51387e-12	0.75	-1	5.75541e-12	1
-0.021	1	7.73575e-13	-2	4.48414e-12	0.75	-1	5.78514e-12	1
-0.018	1	7.71101e-13	-2	4.45399e-12	0.75	-1	5.81529e-12	1
-0.015	1	7.6788e-13	-2	4.42481e-12	0.75	-1	5.84447e-12	1
-0.012	1	7.63816e-13	-2	4.39734e-12	0.75	-1	5.87194e-12	1
-0.009	1	7.58763e-13	-2	4.37261e-12	0.75	-1	5.89667e-12	1
-0.006	1	7.52395e-13	-2	4.358e-12	0.75	-1	5.91128e-12	1
-0.003	1	7.44182e-13	-2	4.36711e-12	0.75	-1	5.90217e-12	1
0	1	7.28498e-13	-2	4.44024e-12	0.75	-1	5.82904e-12	1
0.003	1	0	-2	0	0.75	-1	0	1
0.006	1	0	-2	0	0.75	-1	0	1
0.009	1	0	-2	0	0.75	-1	0	1
0.012	1	0	-2	0	0.75	-1	0	1
0.015	1	0	-2	0	0.75	-1	0	1
0.018	1	0	-2	0	0.75	-1	0	1
0.021	1	0	-2	0	0.75	-1	0	1
0.024	1	0	-2	0	0.75	-1	0	1
0.027	1	0	-2	0	0.75	-1	0	1
0.03	1	0	-2	0	0.75	-1	0	1
0.033	1	0	-2	0	0.75	-1	0	1
0.036	1	0	-2	0	0.75	-1	0	1
0.039	1	0	-2	0	0.75	-1	0	1
0.042	1	0	-2	0	0.75	-1	0	1
0.045	1	0	-2	0	0.75	-1	0	1
0.048	1	0	-2	0	0.75	-1	0	1
0.051	1	0	-2	0	0.75	-1	0	1
0.054	1	0	-2	0	0.75	-1	0	1
0.057	1	0	-2	0	0.75	-1	0	1
0.06	1	0	-2	0	0.75	-1	0	1
0.063	1	0	-2	0	0.75	-1	0	1
0.066	1	0	-2	0	0.75	-1	0	1
0.069	1	0	-2	0	0.75	-1	0	1
0.072	1	0	-2	0	0.75	-1	0	1
0.075	1	0	-2	0	0.75	-1	0	1
0.078	1	0	-2	0	0.75	-1	0	1
0.081	1	0	-2	0	0.75	-1	0	1
0.084	1	0	-2	0	0.75	-1	0	1
0.087	1	0	-2	0	0.75	-1	0	1
0.09	1	0	-2	0	0.75	-1	0	1
0.093	1	0	-2	0	0.75	-1	0	1
0.096	1	0	-2	0	0.75	-1	0	1
0.099	1	0	-2	0	0.75	-1	0	1
0.102	1	0	-2	0	0.75	-1	0	1
0.105	1	0	-2	0	0.75	-1	0	1
0.108	1	0	-2	0	0.75	-1	0	1
0.111	1	0	-2	0	0.75	-1	0	1
0.114	1	0	-2	0	0.75	-1	0	1
0.117	1	0	-2	0	0.75	-1	0	1
0.12	1	0	-2	0	0.75	-1	0	1
0.123	1	0	-2	0	0.75	-1	0	1
0.126	1	0	-2	0	0.75	-1	0	1
0.129	1	0	-2	0	0.75	-1	0	1
0.132	1	0	-2	0	0.75	-1	0	1
0.135	1	0	-2	0	0.75	-1	0	1
0.138	1	0	-2	0	0.75	-1	0	1
0.141	1	0	-2	0	0.75	-1	0	1
0.144	1	0	-2	0	0.75	-1	0	1
0.147	1	0	-2	0	0.75	-1	0	1
0.15	1	0	-2	0	0.75	-1	0	1
0.153	1	0	-2	0	0.75	-1	0	1
0.156	1	0	-2	0	0.75	-1	0	1
0.159	1	0	-2	0	0.75	-1	0	1
0.162	1	0	-2	0	0.75	-1	0	1
0.165	1	0	-2	0	0.75	-1	0	1
0.168	1	0	-2	0	0.75	-1	0	1
0.171	1	0	-2	0	0.75	-1	0	1
0.174	1	0	-2	0	0.75	-1	0	1
0.177	1	0	-2	0	0.75	-1	0	1
0.18	1	0	-2	0	0.75	-1	0	1
0.183	1	0	-2	0	0.75	-1	0	1
0.186	1	0	-2	0	0.75	-1	0	1
0.189	1	0	-2	0	0.75	-1	0	1
0.192	1	0	-2	0	0.75	-1	0	1
0.195	1	0	-2	0	0.75	-1	0	1
0.198	1	0	-2	0	0.75	-1	0	1
0.201	1	0	-2	0	0.75	-1	0	1
0.204	1	0	-2	0	0.75	-1	0	1
0.207	1	0	-2	0	0.75	-1	0	1
0.21	1	0	-2	0	0.75	-1	0	1
0.213	1	0	-2	0	0.75	-1	0	1
0.216	1	0	-2	0	0.75	-1	0	1
0.219	1	0	-2	0	0.75	-1	0	1
0.222	1	0	-2	0	0.75	-1	0	1
0.225	1	0	-2	0	0.75	-1	0	1
0.228	1	0	-2	0	0.75	-1	0	1
0.231	1	0	-2	0	0.75	-1	0	1
0.234	1	0	-2	0	0.75	-1	0	1
0.237	1	0	-2	0	0.75	-1	0	1
0.24	1	0	-2	0	0.75	-1	0	1
0.243	1	0	-2	0	0.75	-1	0	1
0.246	1	0	-2	0	0.75	-1	0	1
0.249	1	0	-2	0	0.75	-1	0	1
0.252	1	0	-2	0	0.75	-1	0	1
0.255	1	0	-2	0	0.75	-1	0	1
0.258	1	0	-2	0	0.75	-1	0	1
0.261	1	0	-2	0	0.75	-1	0	1
0.264	1	0	-2	0	0.75	-1	0	1
0.267	1	0	-2	0	0.75	-1	0	1
0.27	1	0	-2	0	0.75	-1	0	1
0.273	1	0	-2	0	0.75	-1	0	1
0.276	1	0	-2	0	0.75	-1	0	1
0.279	1	0	-2	0	0.75	-1	0	1
0.282	1	0	-2	0	0.75	-1	0	1
0.285	1	0	-2	0	0.75	-1	0	1
0.288	1	0	-2	0	0.75	-1	0	1
0.291	1	0	-2	0	0.75	-1	0	1
0.294	1	0	-2	0	0.75	-1	0	1
0.297	1	0	-2	0	0.75	-1	0	1
0.3	1	0	-2	0	0.75	-1	0	1
0.303	1	0	-2	0	0.75	-1	0	1
0.306	1	0	-2	0	0.75	-1	0	1
0.309	1	0	-2	0	0.75	-1	0	1
0.312	1	0	-2	0	0.75	-1	0	1
0.315	1	0	-2	0	0.75	-1	0	1
0.318	1	0	-2	0	0.75	-1	0	1
0.321	1	0	-2	0	0.75	-1	0	1
0.324	1	0	-2	0	0.75	-1	0	1
0.327	1	0	-2	0	0.75	-1	0	1
0.33	1	0	-2	0	0.75	-1	0	1
0.333	1	0	-2	0	0.75	-1	0	1
0.336	1	0	-2	0	0.75	-1	0	1
0.339	1	0	-2	0	0.75	-1	0	1
0.342	1	0	-2	0	0.75	-1	0	1
0.345	1	0	-2	0	0.75	-1	0	1
0.348	1	0	-2	0	0.75	-1	0	1
0.351	1	0	-2	0	0.75	-1	0	1
0.354	1	0	-2	0	0.75	-1	0	1
0.357	1	0	-2	0	0.75	-1	0	1
0.36	1	0	-2	0	0.75	-1	0	1
0.363	1	0	-2	0	0.75	-1	0	1
0.366	1	0	-2	0	0.75	-1	0	1
0.369	1	0	-2	0	0.75	-1	0	1
0.372	1	0	-2	0	0.75	-1	0	1
0.375	1	0	-2	0	0.75	-1	0	1
0.378	1	0	-2	0	0.75	-1	0	1
0.381	1	0	-2	0	0.75	-1	0	1
0.384	1	0	-2	0	0.75	-1	0	1
0.387	1	0	-2	0	0.75	-1	0	1
0.39	1	0	-2	0	0.75	-1	0	1
0.393	1	0	-2	0	0.75	-1	0	1
0.396	1	0	-2	0	0.75	-1	0	1
0.399	1	0	-2	0	0.75	-1	0	1
0.402	1	0	-2	0	0.75	-1	0	1
0.405	1	0	-2	0	0.75	-1	0	1
0.408	1	0	-2	0	0.75	-1	0	1
0.411	1	0	-2	0	0.75	-1	0	1
0.414	1	0	-2	0	0.75	-1	0	1
0.417	1	0	-2	0	0.75	-1	0	1
0.42	1	0	-2	0	0.75	-1	0	1
0.423	1	0	-2	0	0.75	-1	0	1
0.426	1	0	-2	0	0.75	-1	0	1
0.429	1	0	-2	0	0.75	-1	0	1
0.432	1	0	-2	0	0.75	-1	0	1
0.435	1	0	-2	0	0.75	-1	0	1
0.438	1	0	-2	0	0.75	-1	0	1
0.441	1	0	-2	0	0.75	-1	0	1
0.444	1	0	-2	0	0.75	-1	0	1
0.447	1	0	-2	0	0.75	-1	0	1
0.45	1	0	-2	0	0.75	-1	0	1
0.453	1	0	-2	0	0.75	-1	0	1
0.456	1	0	-2	0	0.75	-1	0	1
0.459	1	0	-2	0	0.75	-1	0	1
0.462	1	0	-2	0	0.75	-1	0	1
0.465	1	0	-2	0	0.75	-1	0	1
0.468	1	0	-2	0	0.75	-1	0	1
0.471	1	0	-2	0	0.75	-1	0	1
0.474	1	0	-2	0	0.75	-1	0	1
0.477	1	0	-2	0	0.75	-1	0	1
0.48	1	0	-2	0	0.75	-1	0	1
0.483	1	0	-2	0	0.75	-1	0	1
0.486	1	0	-2	0	0.75	-1	0	1
0.489	1	0	-2	0	0.75	-1	0	1
0.492	1	0	-2	0	0.75	-1	0	1
0.495	1	0	-2	0	0.75	-1	0	1
0.498	1	0	-2	0	0.75	-1	0	1
0.501	1	0	-2	0	0.75	-1	0	1
0.504	1	0	-2	0	0.75	-1	0	1
0.507	1	0	-2	0	0.75	-1	0	1
0.51	1	0	-2	0	0.75	-1	0	1
0.513	1	0	-2	0	0.75	-1	0	1
0.516	1	0	-2	0	0.75	-1	0	1
0.519	1	0	-2	0	0.75	-1	0	1
0.522	1	0	-2	0	0.75	-1	0	1
0.525	1	0	-2	0	0.75	-1	0	1
0.528	1	0	-2	0	0.75	-1	0	1
0.531	1	0	-2	0	0.75	-1	0	1
0.534	1	0	-2	0	0.75	-1	0	1
0.537	1	0	-2	0	0.75	-1	0	1
0.54	1	0	-2	0	0.75	-1	0	1
0.543	1	0	-2	0	0.75	-1	0	1
0.546	1	0	-2	0	0.75	-1	0	1
0.549	1	0	-2	0	0.75	-1	0	1
0.552	1	0	-2	0	0.75	-1	0	1
0.555	1	0	-2	0	0.75	-1	0	1
0.558	1	0	-2	0	0.75	-1	0	1
0.561	1	0	-2	0	0.75	-1	0	1
0.564	1	0	-2	0	0.75	-1	0	1
0.567	1	0	-2	0	0.75	-1	0	1
0.57	1	0	-2	0	0.75	-1	0	1
0.573	1	0	-2	0	0.75	-1	0	1
0.576	1	0	-2	0	0.75	-1	0	1
0.579	1	0	-2	0	0.75	-1	0	1
0.582	1	0	-2	0	0.75	-1	0	1
0.585	1	0	-2	0	0.75	-1	0	1
0.588	1	0	-2	0	0.75	-1	0	1
0.591	1	0	-2	0	0.75	-1	0	1
0.594	1	0	-2	0	0.75	-1	0	1
0.597	1	0	-2	0	0.75	-1	0	1
0.6	1	0	-2	0	0.75	-1	0	1
0.603	1	0	-2	0	0.75	-1	0	1
0.606	1	0	-2	0	0.75	-1	0	1
0.609	1	0	-2	0	0.75	-1	0	1
0.612	1	0	-2	0	0.75	-1	0	1
0.615	1	0	-2	0	0.75	-1	0	1
0.618	1	0	-2	0	0.75	-1	0	1
0.621	1	0	-2	0	0.75	-1	0	1
0.624	1	0	-2	0	0.75	-1	0	1
0.627	1	0	-2	0	0.75	-1	0	1
0.63	1	0	-2	0	0.75	-1	0	1
0.633	1	0	-2	0	0.75	-1	0	1
0.636	1	0	-2	0	0.75	-1	0	1
0.639	1	0	-2	0	0.75	-1	0	1
0.642	1	0	-2	0	0.75	-1	0	1
0.645	1	0	-2	0	0.75	-1	0	1
0.648	1	0	-2	0	0.75	-1	0	1
0.651	1	0	-2	0	0.75	-1	0	1
0.654	1	0	-2	0	0.75	-1	0	1
0.657	1	0	-2	0	0.75	-1	0	1
0.66	1	0	-2	0	0.75	-1	0	1
0.663	1	0	-2	0	0.75	-1	0	1
0.666	1	0	-2	0	0.75	-1	0	1
0.669	1	0	-2	0	0.75	-1	0	1
0.672	1	0	-2	0	0.75	-1	0	1
0.675	1	0	-2	0	0.75	-1	0	1
0.678	1	0	-2	0	0.75	-1	0	1
0.681	1	0	-2	0	0.75	-1	0	1
0.684	1	0	-2	0	0.75	-1	0	1
0.687	1	0	-2	0	0.75	-1	0	1
0.69	1	0	-2	0	0.75	-1	0	1
0.693	1	0	-2	0	0.75	-1	0	1
0.696	1	0	-2	0	0.75	-1	0	1
0.699	1	0	-2	0	0.75	-1	0	1
0.702	1	0	-2	0	0.75	-1	0	1
0.705	1	0	-2	0	0.75	-1	0	1
0.708	1	0	-2	0	0.75	-1	0	1
0.711	1	0	-2	0	0.75	-1	0	1
0.714	1	0	-2	0	0.75	-1	0	1
0.717	1	0	-2	0	0.75	-1	0	1
0.72	1	0	-2	0	0.75	-1	0	1
0.723	1	0	-2	0	0.75	-1	0	1
0.726	1	0	-2	0	0.75	-1	0	1
0.729	1	0	-2	0	0.75	-1	0	1
0.732	1	0	-2	0	0.75	-1	0	1
0.735	1	0	-2	0	0.75	-1	0	1
0.738	1	0	-2	0	0.75	-1	0	1
0.741	1	0	-2	0	0.75	-1	0	1
0.744	1	0	-2	0	0.75	-1	0	1
0.747	1	0	-2	0	0.75	-1	0	1
0.75	1	0	-2	0	0.75	-1	0	1
0.753	1	0	-2	0	0.75	-1	0	1
0.756	1	0	-2	0	0.75	-1	0	1
0.759	1	0	-2	0	0.75	-1	0	1
0.762	1	0	-2	0	0.75	-1	0	1
0.765	1	0	-2	0	0.75	-1	0	1
0.768	1	0	-2	0	0.75	-1	0	1
0.771	1	0	-2	0	0.75	-1	0	1
0.774	1	0	-2	0	0.75	-1	0	1
0.777	1	0	-2	0	0.75	-1	0	1
0.78	1	0	-2	0	0.75	-1	0	1
0.783	1	0	-2	0	0.75	-1	0	1
0.786	1	0	-2	0	0.75	-1	0	1
0.789	1	0	-2	0	0.75	-1	0	1
0.792	1	0	-2	0	0.75	-1	0	1
0.795	1	0	-2	0	0.75	-1	0	1
0.798	1	0	-2	0	0.75	-1	0	1
0.801	1	0	-2	0	0.75	-1	0	1
0.804	1	0	-2	0	0.75	-1	0	1
0.807	1	0	-2	0	0.75	-1	0	1
0.81	1	0	-2	0	0.75	-1	0	1
0.813	1	0	-2	0	0.75	-1	0	1
0.816	1	0	-2	0	0.75	-1	0	1
0.819	1	0	-2	0	0.75	-1	0	1
0.822	1	0	-2	0	0.75	-1	0	1
0.825	1	0	-2	0	0.75	-1	0	1
0.828	1	0	-2	0	0.75	-1	0	1
0.831	1	0	-2	0	0.75	-1	0	1
0.834	1	0	-2	0	0.75	-1	0	1
0.837	1	0	-2	0	0.75	-1	0	1
0.84	1	0	-2	0	0.75	-1	0	1
0.843	1	0	-2	0	0.75	-1	0	1
0.846	1	0	-2	0	0.75	-1	0	1
0.849	1	0	-2	0	0.75	-1	0	1
0.852	1	0	-2	0	0.75	-1	0	1
0.855	1	0	-2	0	0.75	-1	0	1
0.858	1	0	-2	0	0.75	-1	0	1
0.861	1	0	-2	0	0.75	-1	0	1
0.864	1	0	-2	0	0.75	-1	0	1
0.867	1	0	-2	0	0.75	-1	0	1
0.87	1	0	-2	0	0.75	-1	0	1
0.873	1	0	-2	0	0.75	-1	0	1
0.876	1	0	-2	0	0.75	-1	0	1
0.879	1	0	-2	0	0.75	-1	0	1
0.882	1	0	-2	0	0.75	-1	0	1
0.885	1	0	-2	0	0.75	-1	0	1
0.888	1	0	-2	0	0.75	-1	0	1
0.891	1	0	-2	0	0.75	-1	0	1
0.894	1	0	-2	0	0.75	-1	0	1
0.897	1	0	-2	0	0.75	-1	0	1
0.9	1	0	-2	0	0.75	-1	0	1
0.903	1	0	-2	0	0.75	-1	0	1
0.906	1	0	-2	0	0.75	-1	0	1
0.909	1	0	-2	0	0.75	-1	0	1
0.912	1	0	-2	0	0.75	-1	0	1
0.915	1	0	-2	0	0.75	-1	0	1
0.918	1	0	-2	0	0.75	-1	0	1
0.921	1	0	-2	0	0.75	-1	0	1
0.924	1	0	-2	0	0.75	-1	0	1
0.927	1	0	-2	0	0.75	-1	0	1
0.93	1	0	-2	0	0.75	-1	0	1
0.933	1	0	-2	0	0.75	-1	0	1
0.936	1	0	-2	0	0.75	-1	0	1
0.939	1	0	-2	0	0.75	-1	0	1
0.942	1	0	-2	0	0.75	-1	0	1
0.945	1	0	-2	0	0.75	-1	0	1
0.948	1	0	-2	0	0.75	-1	0	1
0.951	1	0	-2	0	0.75	-1	0	1
0.954	1	0	-2	0	0.75	-1	0	1
0.957	1	0	-2	0	0.75	-1	0	1
0.96	1	0	-2	0	0.75	-1	0	1
0.963	1	0	-2	0	0.75	-1	0	1
0.966	1	0	-2	0	0.75	-1	0	1
0.969	1	0	-2	0	0.75	-1	0	1
0.972	1	0	-2	0	0.75	-1	0	1
0.975	1	0	-2	0	0.75	-1	0	1
0.978	1	0	-2	0	0.75	-1	0	1
0.981	1	0	-2	0	0.75	-1	0	1
0.984	1	0	-2	0	0.75	-1	0	1
0.987	1	0	-2	0	0.75	-1	0	1
0.99	1	0	-2	0	0.75	-1	0	1
0.993	1	0	-2	0	0.75	-1	0	1
0.996	1	0	-2	0	0.75	-1	0	1
0.999	1	0	-2	0	0.75	-1	0	1
1.002	1	0	-2	0	0.75	-1	0	1
1.005	1	0	-2	0	0.75	-1	0	1
1.008	1	0	-2	0	0.75	-1	0	1
1.011	1	0	-2	0	0.75	-1	0	1
1.014	1	0	-2	0	0.75	-1	0	1
1.017	1	0	-2	0	0.75	-1	0	1
1.02	1	0	-2	0	0.75	-1	0	1
1.023	1	0	-2	0	0.75	-1	0	1
1.026	1	0	-2	0	0.75	-1	0	1
1.029	1	0	-2	0	0.75	-1	0	1
1.032	1	0	-2	0	0.75	-1	0	1
1.035	1	0	-2	0	0.75	-1	0	1
1.038	1	0	-2	0	0.75	-1	0	1
1.041	1	0	-2	0	0.75	-1	0	1
1.044	1	0	-2	0	0.75	-1	0	1
1.047	1	0	-2	0	0.75	-1	0	1
1.05	1	0	-2	0	0.75	-1	0	1
1.053	1	0	-2	0	0.75	-1	0	1
1.056	1	0	-2	0	0.75	-1	0	1
1.059	1	0	-2	0	0.75	-1	0	1
1.062	1	0	-2	0	0.75	-1	0	1
1.065	1	0	-2	0	0.75	-1	0	1
1.068	1	0	-2	0	0.75	-1	0	1
1.071	1	0	-2	0	0.75	-1	0	1
1.074	1	0	-2	0	0.75	-1	0	1
1.077	1	0	-2	0	0.75	-1	0	1
1.08	1	0	-2	0	0.75	-1	0	1
1.083	1	0	-2	0	0.75	-1	0	1
1.086	1	0	-2	0	0.75	-1	0	1
1.089	1	0	-2	0	0.75	-1	0	1
1.092	1	0	-2	0	0.75	-1	0	1
1.095	1	0	-2	0	0.75	-1	0	1
1.098	1	0	-2	0	0.75	-1	0	1
1.101	1	0	-2	0	0.75	-1	0	1
1.104	1	0	-2	0	0.75	-1	0	1
1.107	1	0	-2	0	0.75	-1	0	1
1.11	1	0	-2	0	0.75	-1	0	1
1.113	1	0	-2	0	0.75	-1	0	1
1.116	1	0	-2	0	0.75	-1	0	1
1.119	1	0	-2	0	0.75	-1	0	1
1.122	1	0	-2	0	0.75	-1	0	1
1.125	1	0	-2	0	0.75	-1	0	1
1.128	1	0	-2	0	0.75	-1	0	1
1.131	1	0	-2	0	0.75	-1	0	1
1.134	1	0	-2	0	0.75	-1	0	1
1.137	1	0	-2	0	0.75	-1	0	1
1.14	1	0	-2	0	0.75	-1	0	1
1.143	1	0	-2	0	0.75	-1	0	1
1.146	1	0	-2	0	0.75	-1	0	1
1.149	1	0	-2	0	0.75	-1	0	1
1.152	1	0	-2	0	0.75	-1	0	1
1.155	1	0	-2	0	0.75	-1	0	1
1.158	1	0	-2	0	0.75	-1	0	1
1.161	1	0	-2	0	0.75	-1	0	1
1.164	1	0	-2	0	0.75	-1	0	1
1.167	1	0	-2	0	0.75	-1	0	1
1.17	1	0	-2	0	0.75	-1	0	1
1.173	1	0	-2	0	0.75	-1	0	1
1.176	1	0	-2	0	0.75	-1	0	1
1.179	1	0	-2	0	0.75	-1	0	1
1.182	1	0	-2	0	0.75	-1	0	1
1.185	1	0	-2	0	0.75	-1	0	1
1.188	1	0	-2	0	0.75	-1	0	1
1.191	1	0	-2	0	0.75	-1	0	1
1.194	1	0	-2	0	0.75	-1	0	1
1.197	1	0	-2	0	0.75	-1	0	1
1.2	1	0	-2	0	0.75	-1	0	1
1.203	1	0	-2	0	0.75	-1	0	1
1.206	1	0	-2	0	0.75	-1	0	1
1.209	1	0	-2	0	0.75	-1	0	1
1.212	1	0	-2	0	0.75	-1	0	1
1.215	1	0	-2	0	0.75	-1	0	1
1.218	1	0	-2	0	0.75	-1	0	1
1.221	1	0	-2	0	0.75	-1	0	1
1.224	1	0	-2	0	0.75	-1	0	1
1.227	1	0	-2	0	0.75	-1	0	1
1.23	1	0	-2	0	0.75	-1	0	1
1.233	1	0	-2	0	0.75	-1	0	1
1.236	1	0	-2	0	0.75	-1	0	1
1.239	1	0	-2	0	0.75	-1	0	1
1.242	1	0	-2	0	0.75	-1	0	1
1.245	1	0	-2	0	0.75	-1	0	1
1.248	1	0	-2	0	0.75	-1	0	1
1.251	1	0	-2	0	0.75	-1	0	1
1.254	1	0	-2	0	0.75	-1	0	1
1.257	1	0	-2	0	0.75	-1	0	1
1.26	1	0	-2	0	0.75	-1	0	1
1.263	1	0	-2	0	0.75	-1	0	1
1.266	1	0	-2	0	0.75	-1	0	1
1.269	1	0	-2	0	0.75	-1	0	1
1.272	1	0	-2	0	0.75	-1	0	1
1.275	1	0	-2	0	0.75	-1	0	1
1.278	1	0	-2	0	0.75	-1	0	1
1.281	1	0	-2	0	0.75	-1	0	1
1.284	1	0	-2	0	0.75	-1	0	1
1.287	1	0	-2	0	0.75	-1	0	1
1.29	1	0	-2	0	0.75	-1	0	1
1.293	1	0	-2	0	0.75	-1	0	1
1.296	1	0	-2	0	0.75	-1	0	1
1.299	1	0	-2	0	0.75	-1	0	1
1.302	1	0	-2	0	0.75	-1	0	1
1.305	1	0	-2	0	0.75	-1	0	1
1.308	1	0	-2	0	0.75	-1	0	1
1.311	1	0	-2	0	0.75	-1	0	1
1.314	1	0	-2	0	0.75	-1	0	1
1.317	1	0	-2	0	0.75	-1	0	1
1.32	1	0	-2	0	0.75	-1	0	1
1.323	1	0	-2	0	0.75	-1	0	1
1.326	1	0	-2	0	0.75	-1	0	1
1.329	1	0	-2	0	0.75	-1	0	1
1.332	1	0	-2	0	0.75	-1	0	1
1.335	1	0	-2	0	0.75	-1	0	1
1.338	1	0	-2	0	0.75	-1	0	1
1.341	1	0	-2	0	0.75	-1	0	1
1.344	1	0	-2	0	0.75	-1	0	1
1.347	1	0	-2	0	0.75	-1	0	1
1.35	1	0	-2	0	0.75	-1	0	1
1.353	1	0	-2	0	0.75	-1	0	1
1.356	1	0	-2	0	0.75	-1	0	1
1.359	1	0	-2	0	0.75	-1	0	1
1.362	1	0	-2	0	0.75	-1	0	1
1.365	1	0	-2	0	0.75	-1	0	1
1.368	1	0	-2	0	0.75	-1	0	1
1.371	1	0	-2	0	0.75	-1	0	1
1.374	1	0	-2	0	0.75	-1	0	1
1.377	1	0	-2	0	0.75	-1	0	1
1.38	1	0	-2	0	0.75	-1	0	1
1.383	1	0	-2	0	0.75	-1	0	1
1.386	1	0	-2	0	0.75	-1	0	1
1.389	1	0	-2	0	0.75	-1	0	1
1.392	1	0	-2	0	0.75	-1	0	1
1.395	1	0	-2	0	0.75	-1	0	1
1.398	1	0	-2	0	0.75	-1	0	1
1.401	1	0	-2	0	0.75	-1	0	1
1.404	1	0	-2	0	0.75	-1	0	1
1.407	1	0	-2	0	0.75	-1	0	1
1.41	1	0	-2	0	0.75	-1	0	1
1.413	1	0	-2	0	0.75	-1	0	1
1.416	1	0	-2	0	0.75	-1	0	1
1.419	1	0	-2	0	0.75	-1	0	1
1.422	1	0	-2	0	0.75	-1	0	1
1.425	1	0	-2	0	0.75	-1	0	1
1.428	1	0	-2	0	0.75	-1	0	1
1.431	1	0	-2	0	0.75	-1	0	1
1.434	1	0	-2	0	0.75	-1	0	1
1.437	1	0	-2	0	0.75	-1	0	1
1.44	1	0	-2	0	0.75	-1	0	1
1.443	1	0	-2	0	0.75	-1	0	1
1.446	1	0	-2	0	0.75	-1	0	1
1.449	1	0	-2	0	0.75	-1	0	1
1.452	1	0	-2	0	0.75	-1	0	1
1.455	1	0	-2	0	0.75	-1	0	1
1.458	1	0	-2	0	0.75	-1	0	1
1.461	1	0	-2	0	0.75	-1	0	1
1.464	1	0	-2	0	0.75	-1	0	1
1.467	1	0	-2	0	0.75	-1	0	1
1.47	1	0	-2	0	0.75	-1	0	1
1.473	1	0	-2	0	0.75	-1	0	1
1.476	1	0	-2	0	0.75	-1	0	1
1.479	1	0	-2	0	0.75	-1	0	1
1.482	1	0	-2	0	0.75	-1	0	1
1.485	1	0	-2	0	0.75	-1	0	1
1.488	1	0	-2	0	0.75	-1	0	1
1.491	1	0	-2	0	0.75	-1	0	1
1.494	1	0	-2	0	0.75	-1	0	1
1.497	1	0	-2	0	0.75	-1	0	1
