variables="x","rho","u","v","w","Bx","By","Bz","p"
-1.5	1	-1.13169e-15	-7.11589e-14	-3.36005e-07	0.7746	0.7746	-3.36005e-07	0.5
-1.497	1	-8.06053e-16	-7.53367e-14	-3.46185e-07	0.7746	0.7746	-3.46185e-07	0.5
-1.494	1	-6.26921e-16	-7.52685e-14	-3.46185e-07	0.7746	0.7746	-3.46185e-07	0.5
-1.491	1	-5.33177e-16	-7.84829e-14	-3.53393e-07	0.7746	0.7746	-3.53393e-07	0.5
-1.488	1	-5.2542e-16	-8.24401e-14	-3.62052e-07	0.7746	0.7746	-3.62052e-07	0.5
-1.485	1	-5.08797e-16	-8.86575e-14	-3.75335e-07	0.7746	0.7746	-3.75335e-07	0.5
-1.482	1	-4.98412e-16	-8.86588e-14	-3.75335e-07	0.7746	0.7746	-3.75335e-07	0.5
-1.479	1	-4.99849e-16	-9.28605e-14	-3.84e-07	0.7746	0.7746	-3.84e-07	0.5
-1.476	1	-5.30136e-16	-9.78696e-14	-3.94105e-07	0.7746	0.7746	-3.94105e-07	0.5
-1.473	1	-5.44001e-16	-1.05609e-13	-4.09311e-07	0.7746	0.7746	-4.09311e-07	0.5
-1.47	1	-5.26202e-16	-1.05611e-13	-4.09311e-07	0.7746	0.7746	-4.09311e-07	0.5
-1.467	1	-5.33555e-16	-1.10727e-13	-4.18993e-07	0.7746	0.7746	-4.18993e-07	0.5
-1.464	1	-5.58893e-16	-1.16752e-13	-4.3014e-07	0.7746	0.7746	-4.3014e-07	0.5
-1.461	1	-5.71798e-16	-1.1675e-13	-4.3014e-07	0.7746	0.7746	-4.3014e-07	0.5
-1.458	1	-5.745e-16	-1.20954e-13	-4.37706e-07	0.7746	0.7746	-4.37706e-07	0.5
-1.455	1	-5.93225e-16	-1.25972e-13	-4.46589e-07	0.7746	0.7746	-4.46589e-07	0.5
-1.452	1	-6.25706e-16	-1.33689e-13	-4.5997e-07	0.7746	0.7746	-4.5997e-07	0.5
-1.449	1	-6.33127e-16	-1.33693e-13	-4.5997e-07	0.7746	0.7746	-4.5997e-07	0.5
-1.446	1	-6.52665e-16	-1.38727e-13	-4.68452e-07	0.7746	0.7746	-4.68452e-07	0.5
-1.443	1	-6.62139e-16	-1.44606e-13	-4.78177e-07	0.7746	0.7746	-4.78177e-07	0.5
-1.44	1	-6.69552e-16	-1.53516e-13	-4.92613e-07	0.7746	0.7746	-4.92613e-07	0.5
-1.437	1	-6.76284e-16	-1.53513e-13	-4.92613e-07	0.7746	0.7746	-4.92613e-07	0.5
-1.434	1	-6.7509e-16	-1.59225e-13	-5.01599e-07	0.7746	0.7746	-5.01599e-07	0.5
-1.431	1	-6.84901e-16	-1.65833e-13	-5.11804e-07	0.7746	0.7746	-5.11804e-07	0.5
-1.428	1	-7.2571e-16	-1.75772e-13	-5.26847e-07	0.7746	0.7746	-5.26847e-07	0.5
-1.425	1	-7.41452e-16	-1.75768e-13	-5.26847e-07	0.7746	0.7746	-5.26847e-07	0.5
-1.422	1	-7.45527e-16	-1.82073e-13	-5.36114e-07	0.7746	0.7746	-5.36114e-07	0.5
-1.419	1	-7.55235e-16	-1.89313e-13	-5.46574e-07	0.7746	0.7746	-5.46574e-07	0.5
-1.416	1	-7.71594e-16	-2.00142e-13	-5.61917e-07	0.7746	0.7746	-5.61917e-07	0.5
-1.413	1	-7.72415e-16	-2.00145e-13	-5.61917e-07	0.7746	0.7746	-5.61917e-07	0.5
-1.41	1	-7.81286e-16	-2.06947e-13	-5.71298e-07	0.7746	0.7746	-5.71298e-07	0.5
-1.407	1	-7.93264e-16	-2.14717e-13	-5.81835e-07	0.7746	0.7746	-5.81835e-07	0.5
-1.404	1	-8.13622e-16	-2.26283e-13	-5.97235e-07	0.7746	0.7746	-5.97235e-07	0.5
-1.401	1	-8.19182e-16	-2.26281e-13	-5.97235e-07	0.7746	0.7746	-5.97235e-07	0.5
-1.398	1	-8.25308e-16	-2.33497e-13	-6.06593e-07	0.7746	0.7746	-6.06593e-07	0.5
-1.395	1	-8.33531e-16	-2.41697e-13	-6.17063e-07	0.7746	0.7746	-6.17063e-07	0.5
-1.392	1	-8.44011e-16	-2.53848e-13	-6.32318e-07	0.7746	0.7746	-6.32318e-07	0.5
-1.389	1	-8.42552e-16	-2.53844e-13	-6.32318e-07	0.7746	0.7746	-6.32318e-07	0.5
-1.386	1	-8.46933e-16	-2.61374e-13	-6.41541e-07	0.7746	0.7746	-6.41541e-07	0.5
-1.383	1	-8.74592e-16	-2.69894e-13	-6.51824e-07	0.7746	0.7746	-6.51824e-07	0.5
-1.38	1	-9.127e-16	-2.8247e-13	-6.66769e-07	0.7746	0.7746	-6.66769e-07	0.5
-1.377	1	-9.16761e-16	-2.82468e-13	-6.66769e-07	0.7746	0.7746	-6.66769e-07	0.5
-1.374	1	-9.091e-16	-2.90215e-13	-6.75765e-07	0.7746	0.7746	-6.75765e-07	0.5
-1.371	1	-9.13535e-16	-2.98943e-13	-6.85764e-07	0.7746	0.7746	-6.85764e-07	0.5
-1.368	1	-9.57545e-16	-3.11787e-13	-7.00266e-07	0.7746	0.7746	-7.00266e-07	0.5
-1.365	1	-9.75827e-16	-3.1179e-13	-7.00266e-07	0.7746	0.7746	-7.00266e-07	0.5
-1.362	1	-9.68298e-16	-3.19653e-13	-7.08961e-07	0.7746	0.7746	-7.08961e-07	0.5
-1.359	1	-9.69304e-16	-3.28472e-13	-7.186e-07	0.7746	0.7746	-7.186e-07	0.5
-1.356	1	-9.9726e-16	-3.41415e-13	-7.32552e-07	0.7746	0.7746	-7.32552e-07	0.5
-1.353	1	-1.00623e-15	-3.41419e-13	-7.32552e-07	0.7746	0.7746	-7.32552e-07	0.5
-1.35	1	-1.02257e-15	-3.49304e-13	-7.4089e-07	0.7746	0.7746	-7.4089e-07	0.5
-1.347	1	-1.03506e-15	-3.58127e-13	-7.5011e-07	0.7746	0.7746	-7.5011e-07	0.5
-1.344	1	-1.04572e-15	-3.71032e-13	-7.63433e-07	0.7746	0.7746	-7.63433e-07	0.5
-1.341	1	-1.05102e-15	-3.7103e-13	-7.63433e-07	0.7746	0.7746	-7.63433e-07	0.5
-1.338	1	-1.03967e-15	-3.78859e-13	-7.71372e-07	0.7746	0.7746	-7.71372e-07	0.5
-1.335	1	-1.03764e-15	-3.8758e-13	-7.80131e-07	0.7746	0.7746	-7.80131e-07	0.5
-1.332	1	-1.07567e-15	-4.00307e-13	-7.92769e-07	0.7746	0.7746	-7.92769e-07	0.5
-1.329	1	-1.09312e-15	-4.0031e-13	-7.92769e-07	0.7746	0.7746	-7.92769e-07	0.5
-1.326	1	-1.08811e-15	-4.07996e-13	-8.0028e-07	0.7746	0.7746	-8.0028e-07	0.5
-1.323	1	-1.08567e-15	-4.16537e-13	-8.08549e-07	0.7746	0.7746	-8.08549e-07	0.5
-1.32	1	-1.09792e-15	-4.28976e-13	-8.20466e-07	0.7746	0.7746	-8.20466e-07	0.5
-1.317	1	-1.10071e-15	-4.28976e-13	-8.20466e-07	0.7746	0.7746	-8.20466e-07	0.5
-1.314	1	-1.10791e-15	-4.36456e-13	-8.27531e-07	0.7746	0.7746	-8.27531e-07	0.5
-1.311	1	-1.1137e-15	-4.44749e-13	-8.35294e-07	0.7746	0.7746	-8.35294e-07	0.5
-1.308	1	-1.11698e-15	-4.56807e-13	-8.4647e-07	0.7746	0.7746	-8.4647e-07	0.5
-1.305	1	-1.13703e-15	-4.73292e-13	-8.61556e-07	0.7746	0.7746	-8.61556e-07	0.5
-1.302	1	-1.14468e-15	-4.73288e-13	-8.61556e-07	0.7746	0.7746	-8.61556e-07	0.5
-1.299	1	-1.14875e-15	-4.82713e-13	-8.70029e-07	0.7746	0.7746	-8.70029e-07	0.5
-1.296	1	-1.1556e-15	-4.92932e-13	-8.79126e-07	0.7746	0.7746	-8.79126e-07	0.5
-1.293	1	-1.16969e-15	-5.07589e-13	-8.92042e-07	0.7746	0.7746	-8.92042e-07	0.5
-1.29	1	-1.17282e-15	-5.07589e-13	-8.92042e-07	0.7746	0.7746	-8.92042e-07	0.5
-1.287	1	-1.17567e-15	-5.16235e-13	-8.99549e-07	0.7746	0.7746	-8.99549e-07	0.5
-1.284	1	-1.1713e-15	-5.25695e-13	-9.07695e-07	0.7746	0.7746	-9.07695e-07	0.5
-1.281	1	-1.19477e-15	-5.3933e-13	-9.19331e-07	0.7746	0.7746	-9.19331e-07	0.5
-1.278	1	-1.21444e-15	-5.39331e-13	-9.19331e-07	0.7746	0.7746	-9.19331e-07	0.5
-1.275	1	-1.20411e-15	-5.47408e-13	-9.26134e-07	0.7746	0.7746	-9.26134e-07	0.5
-1.272	1	-1.19388e-15	-5.56255e-13	-9.33529e-07	0.7746	0.7746	-9.33529e-07	0.5
-1.269	1	-1.21157e-15	-5.69011e-13	-9.4411e-07	0.7746	0.7746	-9.4411e-07	0.5
-1.266	1	-1.22401e-15	-5.86309e-13	-9.583e-07	0.7746	0.7746	-9.583e-07	0.5
-1.263	1	-1.21639e-15	-5.8631e-13	-9.583e-07	0.7746	0.7746	-9.583e-07	0.5
-1.26	1	-1.2196e-15	-5.96066e-13	-9.66185e-07	0.7746	0.7746	-9.66185e-07	0.5
-1.257	1	-1.23823e-15	-6.06528e-13	-9.74573e-07	0.7746	0.7746	-9.74573e-07	0.5
-1.254	1	-1.24192e-15	-6.21436e-13	-9.86426e-07	0.7746	0.7746	-9.86426e-07	0.5
-1.251	1	-1.22759e-15	-6.21434e-13	-9.86426e-07	0.7746	0.7746	-9.86426e-07	0.5
-1.248	1	-1.23413e-15	-6.30131e-13	-9.93257e-07	0.7746	0.7746	-9.93257e-07	0.5
-1.245	1	-1.24121e-15	-6.39559e-13	-1.00061e-06	0.7746	0.7746	-1.00061e-06	0.5
-1.242	1	-1.25837e-15	-6.53081e-13	-1.01108e-06	0.7746	0.7746	-1.01108e-06	0.5
-1.239	1	-1.27264e-15	-6.71304e-13	-1.02504e-06	0.7746	0.7746	-1.02504e-06	0.5
-1.236	1	-1.26725e-15	-6.71302e-13	-1.02504e-06	0.7746	0.7746	-1.02504e-06	0.5
-1.233	1	-1.27995e-15	-6.81485e-13	-1.03273e-06	0.7746	0.7746	-1.03273e-06	0.5
-1.23	1	-1.28971e-15	-6.92325e-13	-1.04086e-06	0.7746	0.7746	-1.04086e-06	0.5
-1.227	1	-1.28939e-15	-7.07699e-13	-1.0523e-06	0.7746	0.7746	-1.0523e-06	0.5
-1.224	1	-1.31373e-15	-7.28233e-13	-1.06742e-06	0.7746	0.7746	-1.06742e-06	0.5
-1.221	1	-1.327e-15	-7.28233e-13	-1.06742e-06	0.7746	0.7746	-1.06742e-06	0.5
-1.218	1	-1.32261e-15	-7.3958e-13	-1.07565e-06	0.7746	0.7746	-1.07565e-06	0.5
-1.215	1	-1.32053e-15	-7.51561e-13	-1.08428e-06	0.7746	0.7746	-1.08428e-06	0.5
-1.212	1	-1.34862e-15	-7.68492e-13	-1.09638e-06	0.7746	0.7746	-1.09638e-06	0.5
-1.209	1	-1.36355e-15	-7.68488e-13	-1.09638e-06	0.7746	0.7746	-1.09638e-06	0.5
-1.206	1	-1.3652e-15	-7.78238e-13	-1.10327e-06	0.7746	0.7746	-1.10327e-06	0.5
-1.203	1	-1.38012e-15	-7.8868e-13	-1.1106e-06	0.7746	0.7746	-1.1106e-06	0.5
-1.2	1	-1.39936e-15	-8.03558e-13	-1.12097e-06	0.7746	0.7746	-1.12097e-06	0.5
-1.197	1	-1.41752e-15	-8.23474e-13	-1.13474e-06	0.7746	0.7746	-1.13474e-06	0.5
-1.194	1	-1.42366e-15	-8.2347e-13	-1.13474e-06	0.7746	0.7746	-1.13474e-06	0.5
-1.191	1	-1.42923e-15	-8.34479e-13	-1.14225e-06	0.7746	0.7746	-1.14225e-06	0.5
-1.188	1	-1.45061e-15	-8.46062e-13	-1.15011e-06	0.7746	0.7746	-1.15011e-06	0.5
-1.185	1	-1.45636e-15	-8.6243e-13	-1.16113e-06	0.7746	0.7746	-1.16113e-06	0.5
-1.182	1	-1.47822e-15	-8.84173e-13	-1.17563e-06	0.7746	0.7746	-1.17563e-06	0.5
-1.179	1	-1.49998e-15	-8.84174e-13	-1.17563e-06	0.7746	0.7746	-1.17563e-06	0.5
-1.176	1	-1.48385e-15	-8.96075e-13	-1.18348e-06	0.7746	0.7746	-1.18348e-06	0.5
-1.173	1	-1.48306e-15	-9.08509e-13	-1.19162e-06	0.7746	0.7746	-1.19162e-06	0.5
-1.17	1	-1.49133e-15	-9.26015e-13	-1.20299e-06	0.7746	0.7746	-1.20299e-06	0.5
-1.167	1	-1.51532e-15	-9.49189e-13	-1.21791e-06	0.7746	0.7746	-1.21791e-06	0.5
-1.164	1	-1.53634e-15	-9.49191e-13	-1.21791e-06	0.7746	0.7746	-1.21791e-06	0.5
-1.161	1	-1.5271e-15	-9.61817e-13	-1.22594e-06	0.7746	0.7746	-1.22594e-06	0.5
-1.158	1	-1.52309e-15	-9.74941e-13	-1.23423e-06	0.7746	0.7746	-1.23423e-06	0.5
-1.155	1	-1.53711e-15	-9.9337e-13	-1.2458e-06	0.7746	0.7746	-1.2458e-06	0.5
-1.152	1	-1.56923e-15	-1.01771e-12	-1.26093e-06	0.7746	0.7746	-1.26093e-06	0.5
-1.149	1	-1.58383e-15	-1.01771e-12	-1.26093e-06	0.7746	0.7746	-1.26093e-06	0.5
-1.146	1	-1.58905e-15	-1.03093e-12	-1.26905e-06	0.7746	0.7746	-1.26905e-06	0.5
-1.143	1	-1.58681e-15	-1.04461e-12	-1.27741e-06	0.7746	0.7746	-1.27741e-06	0.5
-1.14	1	-1.59927e-15	-1.06379e-12	-1.28904e-06	0.7746	0.7746	-1.28904e-06	0.5
-1.137	1	-1.62661e-15	-1.08909e-12	-1.30424e-06	0.7746	0.7746	-1.30424e-06	0.5
-1.134	1	-1.62884e-15	-1.08909e-12	-1.30424e-06	0.7746	0.7746	-1.30424e-06	0.5
-1.131	1	-1.62601e-15	-1.10279e-12	-1.31238e-06	0.7746	0.7746	-1.31238e-06	0.5
-1.128	1	-1.64993e-15	-1.11691e-12	-1.32072e-06	0.7746	0.7746	-1.32072e-06	0.5
-1.125	1	-1.69599e-15	-1.13669e-12	-1.33232e-06	0.7746	0.7746	-1.33232e-06	0.5
-1.122	1	-1.72058e-15	-1.16275e-12	-1.34747e-06	0.7746	0.7746	-1.34747e-06	0.5
-1.119	1	-1.7213e-15	-1.16275e-12	-1.34747e-06	0.7746	0.7746	-1.34747e-06	0.5
-1.116	1	-1.71299e-15	-1.17683e-12	-1.35556e-06	0.7746	0.7746	-1.35556e-06	0.5
-1.113	1	-1.7099e-15	-1.19129e-12	-1.36382e-06	0.7746	0.7746	-1.36382e-06	0.5
-1.11	1	-1.73707e-15	-1.21152e-12	-1.37531e-06	0.7746	0.7746	-1.37531e-06	0.5
-1.107	1	-1.76391e-15	-1.23812e-12	-1.3903e-06	0.7746	0.7746	-1.3903e-06	0.5
-1.104	1	-1.76441e-15	-1.23813e-12	-1.3903e-06	0.7746	0.7746	-1.3903e-06	0.5
-1.101	1	-1.76023e-15	-1.25248e-12	-1.39829e-06	0.7746	0.7746	-1.39829e-06	0.5
-1.098	1	-1.78345e-15	-1.26716e-12	-1.40643e-06	0.7746	0.7746	-1.40643e-06	0.5
-1.095	1	-1.81635e-15	-1.28769e-12	-1.41774e-06	0.7746	0.7746	-1.41774e-06	0.5
-1.092	1	-1.83149e-15	-1.31467e-12	-1.43248e-06	0.7746	0.7746	-1.43248e-06	0.5
-1.089	1	-1.83566e-15	-1.31467e-12	-1.43248e-06	0.7746	0.7746	-1.43248e-06	0.5
-1.086	1	-1.83889e-15	-1.3292e-12	-1.44034e-06	0.7746	0.7746	-1.44034e-06	0.5
-1.083	1	-1.83661e-15	-1.34402e-12	-1.44831e-06	0.7746	0.7746	-1.44831e-06	0.5
-1.08	1	-1.8445e-15	-1.36471e-12	-1.45938e-06	0.7746	0.7746	-1.45938e-06	0.5
-1.077	1	-1.88599e-15	-1.39188e-12	-1.4738e-06	0.7746	0.7746	-1.4738e-06	0.5
-1.074	1	-1.90507e-15	-1.39189e-12	-1.4738e-06	0.7746	0.7746	-1.4738e-06	0.5
-1.071	1	-1.90596e-15	-1.4065e-12	-1.48148e-06	0.7746	0.7746	-1.48148e-06	0.5
-1.068	1	-1.91775e-15	-1.42136e-12	-1.48925e-06	0.7746	0.7746	-1.48925e-06	0.5
-1.065	1	-1.92272e-15	-1.4421e-12	-1.50003e-06	0.7746	0.7746	-1.50003e-06	0.5
-1.062	1	-1.94887e-15	-1.4693e-12	-1.51408e-06	0.7746	0.7746	-1.51408e-06	0.5
-1.059	1	-1.97113e-15	-1.4693e-12	-1.51408e-06	0.7746	0.7746	-1.51408e-06	0.5
-1.056	1	-1.97153e-15	-1.48391e-12	-1.52155e-06	0.7746	0.7746	-1.52155e-06	0.5
-1.053	1	-1.96508e-15	-1.49871e-12	-1.52909e-06	0.7746	0.7746	-1.52909e-06	0.5
-1.05	1	-1.98936e-15	-1.51936e-12	-1.53955e-06	0.7746	0.7746	-1.53955e-06	0.5
-1.047	1	-2.01248e-15	-1.54643e-12	-1.55317e-06	0.7746	0.7746	-1.55317e-06	0.5
-1.044	1	-2.0034e-15	-1.54643e-12	-1.55317e-06	0.7746	0.7746	-1.55317e-06	0.5
-1.041	1	-2.00568e-15	-1.56096e-12	-1.56041e-06	0.7746	0.7746	-1.56041e-06	0.5
-1.038	1	-2.00998e-15	-1.57562e-12	-1.56769e-06	0.7746	0.7746	-1.56769e-06	0.5
-1.035	1	-2.0214e-15	-1.59608e-12	-1.5778e-06	0.7746	0.7746	-1.5778e-06	0.5
-1.032	1	-2.02942e-15	-1.62287e-12	-1.59095e-06	0.7746	0.7746	-1.59095e-06	0.5
-1.029	1	-2.02551e-15	-1.62286e-12	-1.59095e-06	0.7746	0.7746	-1.59095e-06	0.5
-1.026	1	-2.02142e-15	-1.63723e-12	-1.59795e-06	0.7746	0.7746	-1.59795e-06	0.5
-1.023	1	-2.03212e-15	-1.65168e-12	-1.60495e-06	0.7746	0.7746	-1.60495e-06	0.5
-1.02	1	-2.04824e-15	-1.67184e-12	-1.61468e-06	0.7746	0.7746	-1.61468e-06	0.5
-1.017	1	-2.07655e-15	-1.69823e-12	-1.62734e-06	0.7746	0.7746	-1.62734e-06	0.5
-1.014	1	-2.09555e-15	-1.69824e-12	-1.62734e-06	0.7746	0.7746	-1.62734e-06	0.5
-1.011	1	-2.09085e-15	-1.71237e-12	-1.63407e-06	0.7746	0.7746	-1.63407e-06	0.5
-1.008	1	-2.10797e-15	-1.72656e-12	-1.6408e-06	0.7746	0.7746	-1.6408e-06	0.5
-1.005	1	-2.13449e-15	-1.74633e-12	-1.65013e-06	0.7746	0.7746	-1.65013e-06	0.5
-1.002	1	-2.15677e-15	-1.7722e-12	-1.66228e-06	0.7746	0.7746	-1.66228e-06	0.5
-0.999	1	-2.19754e-15	-1.80473e-12	-1.67744e-06	0.7746	0.7746	-1.67744e-06	0.5
-0.996	1	-2.20955e-15	-1.80473e-12	-1.67744e-06	0.7746	0.7746	-1.67744e-06	0.5
-0.993	1	-2.21263e-15	-1.82159e-12	-1.68522e-06	0.7746	0.7746	-1.68522e-06	0.5
-0.99	1	-2.21857e-15	-1.83816e-12	-1.69283e-06	0.7746	0.7746	-1.69283e-06	0.5
-0.987	1	-2.23011e-15	-1.86104e-12	-1.70331e-06	0.7746	0.7746	-1.70331e-06	0.5
-0.984	1	-2.24147e-15	-1.89074e-12	-1.71681e-06	0.7746	0.7746	-1.71681e-06	0.5
-0.981	1	-2.24122e-15	-1.89074e-12	-1.71681e-06	0.7746	0.7746	-1.71681e-06	0.5
-0.978	1	-2.24418e-15	-1.9065e-12	-1.72392e-06	0.7746	0.7746	-1.72392e-06	0.5
-0.975	1	-2.25229e-15	-1.92209e-12	-1.73093e-06	0.7746	0.7746	-1.73093e-06	0.5
-0.972	1	-2.26427e-15	-1.94375e-12	-1.74062e-06	0.7746	0.7746	-1.74062e-06	0.5
-0.969	1	-2.27932e-15	-1.97197e-12	-1.75318e-06	0.7746	0.7746	-1.75318e-06	0.5
-0.966	1	-2.28339e-15	-1.97196e-12	-1.75318e-06	0.7746	0.7746	-1.75318e-06	0.5
-0.963	1	-2.28183e-15	-1.98701e-12	-1.75982e-06	0.7746	0.7746	-1.75982e-06	0.5
-0.96	1	-2.28202e-15	-2.00189e-12	-1.76637e-06	0.7746	0.7746	-1.76637e-06	0.5
-0.957	1	-2.31559e-15	-2.02259e-12	-1.77545e-06	0.7746	0.7746	-1.77545e-06	0.5
-0.954	1	-2.36282e-15	-2.04958e-12	-1.78723e-06	0.7746	0.7746	-1.78723e-06	0.5
-0.951	1	-2.38793e-15	-2.08342e-12	-1.8019e-06	0.7746	0.7746	-1.8019e-06	0.5
-0.948	1	-2.38972e-15	-2.08343e-12	-1.8019e-06	0.7746	0.7746	-1.8019e-06	0.5
-0.945	1	-2.37771e-15	-2.10091e-12	-1.80941e-06	0.7746	0.7746	-1.80941e-06	0.5
-0.942	1	-2.39689e-15	-2.11786e-12	-1.81667e-06	0.7746	0.7746	-1.81667e-06	0.5
-0.939	1	-2.42789e-15	-2.14124e-12	-1.82664e-06	0.7746	0.7746	-1.82664e-06	0.5
-0.936	1	-2.43279e-15	-2.17152e-12	-1.83948e-06	0.7746	0.7746	-1.83948e-06	0.5
-0.933	1	-2.43461e-15	-2.17152e-12	-1.83948e-06	0.7746	0.7746	-1.83948e-06	0.5
-0.93	1	-2.43019e-15	-2.18755e-12	-1.84623e-06	0.7746	0.7746	-1.84623e-06	0.5
-0.927	1	-2.44024e-15	-2.20322e-12	-1.8528e-06	0.7746	0.7746	-1.8528e-06	0.5
-0.924	1	-2.45812e-15	-2.22497e-12	-1.8619e-06	0.7746	0.7746	-1.8619e-06	0.5
-0.921	1	-2.44398e-15	-2.25327e-12	-1.87367e-06	0.7746	0.7746	-1.87367e-06	0.5
-0.918	1	-2.46872e-15	-2.28863e-12	-1.88829e-06	0.7746	0.7746	-1.88829e-06	0.5
-0.915	1	-2.49587e-15	-2.28863e-12	-1.88829e-06	0.7746	0.7746	-1.88829e-06	0.5
-0.912	1	-2.48952e-15	-2.30685e-12	-1.89576e-06	0.7746	0.7746	-1.89576e-06	0.5
-0.909	1	-2.49219e-15	-2.32434e-12	-1.90291e-06	0.7746	0.7746	-1.90291e-06	0.5
-0.906	1	-2.50779e-15	-2.34844e-12	-1.91272e-06	0.7746	0.7746	-1.91272e-06	0.5
-0.903	1	-2.50606e-15	-2.3796e-12	-1.92534e-06	0.7746	0.7746	-1.92534e-06	0.5
-0.9	1	-2.49752e-15	-2.3796e-12	-1.92534e-06	0.7746	0.7746	-1.92534e-06	0.5
-0.897	1	-2.49274e-15	-2.39607e-12	-1.93196e-06	0.7746	0.7746	-1.93196e-06	0.5
-0.894	1	-2.49898e-15	-2.41203e-12	-1.93836e-06	0.7746	0.7746	-1.93836e-06	0.5
-0.891	1	-2.50683e-15	-2.43417e-12	-1.94721e-06	0.7746	0.7746	-1.94721e-06	0.5
-0.888	1	-2.52221e-15	-2.46293e-12	-1.95865e-06	0.7746	0.7746	-1.95865e-06	0.5
-0.885	1	-2.53475e-15	-2.49885e-12	-1.97286e-06	0.7746	0.7746	-1.97286e-06	0.5
-0.882	1	-2.52463e-15	-2.49885e-12	-1.97286e-06	0.7746	0.7746	-1.97286e-06	0.5
-0.879	1	-2.53512e-15	-2.51734e-12	-1.98011e-06	0.7746	0.7746	-1.98011e-06	0.5
-0.876	1	-2.54987e-15	-2.53493e-12	-1.987e-06	0.7746	0.7746	-1.987e-06	0.5
-0.873	1	-2.57336e-15	-2.55916e-12	-1.99644e-06	0.7746	0.7746	-1.99644e-06	0.5
-0.87	1	-2.60727e-15	-2.59046e-12	-2.00859e-06	0.7746	0.7746	-2.00859e-06	0.5
-0.867	1	-2.60072e-15	-2.62932e-12	-2.02357e-06	0.7746	0.7746	-2.02357e-06	0.5
-0.864	1	-2.57753e-15	-2.62932e-12	-2.02357e-06	0.7746	0.7746	-2.02357e-06	0.5
-0.861	1	-2.59503e-15	-2.64922e-12	-2.03119e-06	0.7746	0.7746	-2.03119e-06	0.5
-0.858	1	-2.61298e-15	-2.66799e-12	-2.03835e-06	0.7746	0.7746	-2.03835e-06	0.5
-0.855	1	-2.61568e-15	-2.6938e-12	-2.04816e-06	0.7746	0.7746	-2.04816e-06	0.5
-0.852	1	-2.63284e-15	-2.72708e-12	-2.06074e-06	0.7746	0.7746	-2.06074e-06	0.5
-0.849	1	-2.6427e-15	-2.72708e-12	-2.06074e-06	0.7746	0.7746	-2.06074e-06	0.5
-0.846	1	-2.63516e-15	-2.74463e-12	-2.06734e-06	0.7746	0.7746	-2.06734e-06	0.5
-0.843	1	-2.62956e-15	-2.76139e-12	-2.07362e-06	0.7746	0.7746	-2.07362e-06	0.5
-0.84	1	-2.63784e-15	-2.78461e-12	-2.08229e-06	0.7746	0.7746	-2.08229e-06	0.5
-0.837	1	-2.6517e-15	-2.81473e-12	-2.0935e-06	0.7746	0.7746	-2.0935e-06	0.5
-0.834	1	-2.6695e-15	-2.85224e-12	-2.10738e-06	0.7746	0.7746	-2.10738e-06	0.5
-0.831	1	-2.6722e-15	-2.85224e-12	-2.10738e-06	0.7746	0.7746	-2.10738e-06	0.5
-0.828	1	-2.6854e-15	-2.87154e-12	-2.11447e-06	0.7746	0.7746	-2.11447e-06	0.5
-0.825	1	-2.69947e-15	-2.88966e-12	-2.12111e-06	0.7746	0.7746	-2.12111e-06	0.5
-0.822	1	-2.71337e-15	-2.91459e-12	-2.13021e-06	0.7746	0.7746	-2.13021e-06	0.5
-0.819	1	-2.72846e-15	-2.94676e-12	-2.14191e-06	0.7746	0.7746	-2.14191e-06	0.5
-0.816	1	-2.74445e-15	-2.98663e-12	-2.15633e-06	0.7746	0.7746	-2.15633e-06	0.5
-0.813	1	-2.7494e-15	-2.98663e-12	-2.15633e-06	0.7746	0.7746	-2.15633e-06	0.5
-0.81	1	-2.7526e-15	-3.00705e-12	-2.16366e-06	0.7746	0.7746	-2.16366e-06	0.5
-0.807	1	-2.78106e-15	-3.02606e-12	-2.17047e-06	0.7746	0.7746	-2.17047e-06	0.5
-0.804	1	-2.8121e-15	-3.05218e-12	-2.17979e-06	0.7746	0.7746	-2.17979e-06	0.5
-0.801	1	-2.84579e-15	-3.08582e-12	-2.19174e-06	0.7746	0.7746	-2.19174e-06	0.5
-0.798	1	-2.86088e-15	-3.12744e-12	-2.20646e-06	0.7746	0.7746	-2.20646e-06	0.5
-0.795	1	-2.84456e-15	-3.12744e-12	-2.20646e-06	0.7746	0.7746	-2.20646e-06	0.5
-0.792	1	-2.86874e-15	-3.14874e-12	-2.21393e-06	0.7746	0.7746	-2.21393e-06	0.5
-0.789	1	-2.88622e-15	-3.16844e-12	-2.22082e-06	0.7746	0.7746	-2.22082e-06	0.5
-0.786	1	-2.89461e-15	-3.19549e-12	-2.23025e-06	0.7746	0.7746	-2.23025e-06	0.5
-0.783	1	-2.89832e-15	-3.2303e-12	-2.24234e-06	0.7746	0.7746	-2.24234e-06	0.5
-0.78	1	-2.90639e-15	-3.27332e-12	-2.2572e-06	0.7746	0.7746	-2.2572e-06	0.5
-0.777	1	-2.91507e-15	-3.27332e-12	-2.2572e-06	0.7746	0.7746	-2.2572e-06	0.5
-0.774	1	-2.93128e-15	-3.29531e-12	-2.26475e-06	0.7746	0.7746	-2.26475e-06	0.5
-0.771	1	-2.93818e-15	-3.31555e-12	-2.27167e-06	0.7746	0.7746	-2.27167e-06	0.5
-0.768	1	-2.93823e-15	-3.34332e-12	-2.28114e-06	0.7746	0.7746	-2.28114e-06	0.5
-0.765	1	-2.95081e-15	-3.37904e-12	-2.29327e-06	0.7746	0.7746	-2.29327e-06	0.5
-0.762	1	-2.96328e-15	-3.42318e-12	-2.30818e-06	0.7746	0.7746	-2.30818e-06	0.5
-0.759	1	-2.96433e-15	-3.42319e-12	-2.30818e-06	0.7746	0.7746	-2.30818e-06	0.5
-0.756	1	-2.97086e-15	-3.44575e-12	-2.31575e-06	0.7746	0.7746	-2.31575e-06	0.5
-0.753	1	-2.97842e-15	-3.46641e-12	-2.32267e-06	0.7746	0.7746	-2.32267e-06	0.5
-0.75	1	-2.98907e-15	-3.49476e-12	-2.33212e-06	0.7746	0.7746	-2.33212e-06	0.5
-0.747	1	-3.00659e-15	-3.5312e-12	-2.34423e-06	0.7746	0.7746	-2.34423e-06	0.5
-0.744	1	-3.01994e-15	-3.57621e-12	-2.3591e-06	0.7746	0.7746	-2.3591e-06	0.5
-0.741	1	-3.01757e-15	-3.5762e-12	-2.3591e-06	0.7746	0.7746	-2.3591e-06	0.5
-0.738	1	-3.03636e-15	-3.59923e-12	-2.36666e-06	0.7746	0.7746	-2.36666e-06	0.5
-0.735	1	-3.04208e-15	-3.6202e-12	-2.37353e-06	0.7746	0.7746	-2.37353e-06	0.5
-0.732	1	-3.03931e-15	-3.64898e-12	-2.38292e-06	0.7746	0.7746	-2.38292e-06	0.5
-0.729	1	-3.06797e-15	-3.68597e-12	-2.39494e-06	0.7746	0.7746	-2.39494e-06	0.5
-0.726	1	-3.11255e-15	-3.73164e-12	-2.40972e-06	0.7746	0.7746	-2.40972e-06	0.5
-0.723	1	-3.12669e-15	-3.73164e-12	-2.40972e-06	0.7746	0.7746	-2.40972e-06	0.5
-0.72	1	-3.11576e-15	-3.75502e-12	-2.41723e-06	0.7746	0.7746	-2.41723e-06	0.5
-0.717	1	-3.10646e-15	-3.77622e-12	-2.42403e-06	0.7746	0.7746	-2.42403e-06	0.5
-0.714	1	-3.12522e-15	-3.80531e-12	-2.43332e-06	0.7746	0.7746	-2.43332e-06	0.5
-0.711	1	-3.14402e-15	-3.8427e-12	-2.44522e-06	0.7746	0.7746	-2.44522e-06	0.5
-0.708	1	-3.15543e-15	-3.88884e-12	-2.45984e-06	0.7746	0.7746	-2.45984e-06	0.5
-0.705	1	-3.15702e-15	-3.88885e-12	-2.45984e-06	0.7746	0.7746	-2.45984e-06	0.5
-0.702	1	-3.18213e-15	-3.91248e-12	-2.46728e-06	0.7746	0.7746	-2.46728e-06	0.5
-0.699	1	-3.17264e-15	-3.93381e-12	-2.47397e-06	0.7746	0.7746	-2.47397e-06	0.5
-0.696	1	-3.15619e-15	-3.96308e-12	-2.48314e-06	0.7746	0.7746	-2.48314e-06	0.5
-0.693	1	-3.1879e-15	-4.0007e-12	-2.49487e-06	0.7746	0.7746	-2.49487e-06	0.5
-0.69	1	-3.21422e-15	-4.04712e-12	-2.50929e-06	0.7746	0.7746	-2.50929e-06	0.5
-0.687	1	-3.2181e-15	-4.04712e-12	-2.50929e-06	0.7746	0.7746	-2.50929e-06	0.5
-0.684	1	-3.22493e-15	-4.07092e-12	-2.51663e-06	0.7746	0.7746	-2.51663e-06	0.5
-0.681	1	-3.21655e-15	-4.09229e-12	-2.52321e-06	0.7746	0.7746	-2.52321e-06	0.5
-0.678	1	-3.22295e-15	-4.12163e-12	-2.53222e-06	0.7746	0.7746	-2.53222e-06	0.5
-0.675	1	-3.25587e-15	-4.15935e-12	-2.54375e-06	0.7746	0.7746	-2.54375e-06	0.5
-0.672	1	-3.27971e-15	-4.20588e-12	-2.55792e-06	0.7746	0.7746	-2.55792e-06	0.5
-0.669	1	-3.28361e-15	-4.20588e-12	-2.55792e-06	0.7746	0.7746	-2.55792e-06	0.5
-0.666	1	-3.27636e-15	-4.22975e-12	-2.56515e-06	0.7746	0.7746	-2.56515e-06	0.5
-0.663	1	-3.28472e-15	-4.2511e-12	-2.5716e-06	0.7746	0.7746	-2.5716e-06	0.5
-0.66	1	-3.29301e-15	-4.28041e-12	-2.58043e-06	0.7746	0.7746	-2.58043e-06	0.5
-0.657	1	-3.29493e-15	-4.31808e-12	-2.59174e-06	0.7746	0.7746	-2.59174e-06	0.5
-0.654	1	-3.32328e-15	-4.36456e-12	-2.60563e-06	0.7746	0.7746	-2.60563e-06	0.5
-0.651	1	-3.33282e-15	-4.36456e-12	-2.60563e-06	0.7746	0.7746	-2.60563e-06	0.5
-0.648	1	-3.32504e-15	-4.38843e-12	-2.61272e-06	0.7746	0.7746	-2.61272e-06	0.5
-0.645	1	-3.30279e-15	-4.40969e-12	-2.61903e-06	0.7746	0.7746	-2.61903e-06	0.5
-0.642	1	-3.30556e-15	-4.43887e-12	-2.62766e-06	0.7746	0.7746	-2.62766e-06	0.5
-0.639	1	-3.30251e-15	-4.47639e-12	-2.63871e-06	0.7746	0.7746	-2.63871e-06	0.5
-0.636	1	-3.32841e-15	-4.52267e-12	-2.6523e-06	0.7746	0.7746	-2.6523e-06	0.5
-0.633	1	-3.35925e-15	-4.52267e-12	-2.6523e-06	0.7746	0.7746	-2.6523e-06	0.5
-0.63	1	-3.33887e-15	-4.54646e-12	-2.65925e-06	0.7746	0.7746	-2.65925e-06	0.5
-0.627	1	-3.30158e-15	-4.56757e-12	-2.66539e-06	0.7746	0.7746	-2.66539e-06	0.5
-0.624	1	-3.13489e-15	-4.59662e-12	-2.67381e-06	0.7746	0.7746	-2.67381e-06	0.5
-0.621	1	-2.5767e-15	-4.63419e-12	-2.6846e-06	0.7746	0.7746	-2.6846e-06	0.5
-0.618	1	-1.05973e-15	-4.68097e-12	-2.69785e-06	0.7746	0.7746	-2.69785e-06	0.5
-0.615	1	1.1225e-15	-4.68215e-12	-2.69785e-06	0.7746	0.7746	-2.69785e-06	0.5
-0.612	1	8.77874e-15	-4.70973e-12	-2.70464e-06	0.7746	0.7746	-2.70464e-06	0.5
-0.609	1	2.82693e-14	-4.74073e-12	-2.71061e-06	0.7746	0.7746	-2.71061e-06	0.5
-0.606	1	7.74255e-14	-4.79516e-12	-2.71881e-06	0.7746	0.7746	-2.71881e-06	0.5
-0.603	1	2.01515e-13	-4.89692e-12	-2.72931e-06	0.7746	0.7746	-2.72931e-06	0.5
-0.6	1	5.1199e-13	-5.1047e-12	-2.74221e-06	0.7746	0.7746	-2.74221e-06	0.5
-0.597	1	9.46869e-13	-5.33208e-12	-2.74221e-06	0.7746	0.7746	-2.74221e-06	0.5
-0.594	1	2.3567e-12	-6.09303e-12	-2.74883e-06	0.7746	0.7746	-2.74883e-06	0.5
-0.591	1	5.81151e-12	-7.92082e-12	-2.75463e-06	0.7746	0.7746	-2.75463e-06	0.5
-0.588	1	1.42098e-11	-1.23417e-11	-2.76259e-06	0.7746	0.7746	-2.76259e-06	0.5
-0.585	1	3.44604e-11	-2.29698e-11	-2.77279e-06	0.7746	0.7746	-2.77279e-06	0.5
-0.582	1	8.27502e-11	-4.82717e-11	-2.78533e-06	0.7746	0.7746	-2.78533e-06	0.5
-0.579	1	1.95263e-10	-1.07173e-10	-2.80031e-06	0.7746	0.7746	-2.80031e-06	0.5
-0.576	1	3.45224e-10	-1.85607e-10	-2.80031e-06	0.7746	0.7746	-2.80031e-06	0.5
-0.573	1	8.37519e-10	-4.43119e-10	-2.80782e-06	0.7746	0.7746	-2.80782e-06	0.5
-0.57	1	1.93831e-09	-1.01889e-09	-2.81427e-06	0.7746	0.7746	-2.81427e-06	0.5
-0.567	1	3.64148e-09	-1.90973e-09	-2.82305e-06	0.7746	0.7746	-2.82305e-06	0.5
-0.564	1	6.4641e-09	-3.38609e-09	-2.83424e-06	0.7746	0.7746	-2.83424e-06	0.5
-0.561	1	1.1045e-08	-5.78207e-09	-2.84792e-06	0.7746	0.7746	-2.84792e-06	0.5
-0.558	1	1.84257e-08	-9.64242e-09	-2.85095e-06	0.7746	0.7746	-2.85095e-06	0.5
-0.555	1	3.02356e-08	-1.58194e-08	-2.8549e-06	0.7746	0.7746	-2.8549e-06	0.5
-0.552	1	4.89803e-08	-2.56234e-08	-2.86094e-06	0.7746	0.7746	-2.86094e-06	0.5
-0.549	1	7.84897e-08	-4.10578e-08	-2.8692e-06	0.7746	0.7746	-2.8692e-06	0.5
-0.546	1	1.24562e-07	-6.51552e-08	-2.87976e-06	0.7746	0.7746	-2.87976e-06	0.5
-0.543	1	1.95895e-07	-1.02464e-07	-2.89272e-06	0.7746	0.7746	-2.89272e-06	0.5
-0.54	1	3.05412e-07	-1.59745e-07	-2.89562e-06	0.7746	0.7746	-2.89562e-06	0.5
-0.537	1	4.72136e-07	-2.46947e-07	-2.89937e-06	0.7746	0.7746	-2.89937e-06	0.5
-0.534	0.999999	7.23805e-07	-3.78577e-07	-2.90511e-06	0.7746	0.774599	-2.90511e-06	0.5
-0.531	0.999999	1.10047e-06	-5.75585e-07	-2.91298e-06	0.7746	0.774599	-2.91298e-06	0.499999
-0.528	0.999999	1.65941e-06	-8.67926e-07	-2.92306e-06	0.7746	0.774599	-2.92306e-06	0.499999
-0.525	0.999998	2.4817e-06	-1.29801e-06	-2.93544e-06	0.7746	0.774598	-2.93544e-06	0.499998
-0.522	0.999997	3.68103e-06	-1.9253e-06	-2.95021e-06	0.7746	0.774597	-2.95021e-06	0.499998
-0.519	0.999996	5.41513e-06	-2.8323e-06	-2.9535e-06	0.7746	0.774595	-2.9535e-06	0.499997
-0.516	0.999994	7.90064e-06	-4.13231e-06	-2.95763e-06	0.7746	0.774593	-2.95762e-06	0.499995
-0.513	0.999991	1.1432e-05	-5.97935e-06	-2.96391e-06	0.7746	0.77459	-2.96389e-06	0.499993
-0.51	0.999988	1.64053e-05	-8.58057e-06	-2.97246e-06	0.7746	0.774585	-2.97243e-06	0.49999
-0.507	0.999982	2.33472e-05	-1.22115e-05	-2.98334e-06	0.7746	0.774579	-2.98331e-06	0.499985
-0.504	0.999975	3.29512e-05	-1.72349e-05	-2.99664e-06	0.7746	0.774571	-2.99659e-06	0.499979
-0.501	0.999965	4.61194e-05	-2.41227e-05	-2.99963e-06	0.7746	0.774559	-2.99956e-06	0.499971
-0.498	0.999952	6.40126e-05	-3.34821e-05	-3.00339e-06	0.7746	0.774543	-3.0033e-06	0.49996
-0.495	0.999933	8.8107e-05	-4.60856e-05	-3.00916e-06	0.7746	0.774521	-3.00903e-06	0.499944
-0.492	0.999909	0.000120257	-6.29038e-05	-3.01705e-06	0.7746	0.774493	-3.01688e-06	0.499924
-0.489	0.999877	0.000162767	-8.51421e-05	-3.02715e-06	0.7746	0.774455	-3.02692e-06	0.499897
-0.486	0.999835	0.00021846	-0.000114279	-3.03953e-06	0.7746	0.774405	-3.03922e-06	0.499862
-0.483	0.99978	0.000290754	-0.000152105	-3.05426e-06	0.7746	0.77434	-3.05384e-06	0.499817
-0.48	0.99971	0.000383736	-0.000200759	-3.05743e-06	0.7746	0.774257	-3.05687e-06	0.499758
-0.477	0.99962	0.000502221	-0.000262768	-3.06132e-06	0.7746	0.774152	-3.06058e-06	0.499683
-0.474	0.999507	0.00065181	-0.000341069	-3.06727e-06	0.7746	0.774018	-3.06632e-06	0.499589
-0.471	0.999365	0.000838924	-0.000439033	-3.07541e-06	0.7746	0.773851	-3.07419e-06	0.499471
-0.468	0.99919	0.00107082	-0.000560475	-3.08579e-06	0.7746	0.773644	-3.08422e-06	0.499325
-0.465	0.998975	0.00135557	-0.000709648	-3.09846e-06	0.7746	0.77339	-3.09646e-06	0.499146
-0.462	0.998713	0.00170204	-0.00089122	-3.10076e-06	0.7746	0.773081	-3.09826e-06	0.498928
-0.459	0.998397	0.00211976	-0.00111024	-3.10365e-06	0.7746	0.772708	-3.10052e-06	0.498665
-0.456	0.99802	0.00261888	-0.00137209	-3.10834e-06	0.7746	0.772262	-3.10447e-06	0.498351
-0.453	0.997573	0.00320996	-0.00168239	-3.11495e-06	0.7746	0.771734	-3.1102e-06	0.49798
-0.45	0.997049	0.00390383	-0.00204693	-3.12353e-06	0.7746	0.771115	-3.11774e-06	0.497544
-0.447	0.996439	0.00471138	-0.00247158	-3.13413e-06	0.7746	0.770394	-3.12712e-06	0.497037
-0.444	0.995735	0.00564334	-0.00296216	-3.1468e-06	0.7746	0.769562	-3.13838e-06	0.496453
-0.441	0.99493	0.00671007	-0.00352434	-3.14782e-06	0.7746	0.768609	-3.1378e-06	0.495785
-0.438	0.994016	0.00792134	-0.00416355	-3.14924e-06	0.7746	0.767527	-3.13741e-06	0.495027
-0.435	0.992987	0.00928612	-0.00488486	-3.15242e-06	0.7746	0.766309	-3.13853e-06	0.494174
-0.432	0.991837	0.0108124	-0.00569287	-3.15743e-06	0.7746	0.764945	-3.14125e-06	0.493222
-0.429	0.99056	0.0125071	-0.0065917	-3.16434e-06	0.7746	0.763432	-3.14559e-06	0.492167
-0.426	0.989154	0.0143759	-0.00758488	-3.17316e-06	0.7746	0.761763	-3.15157e-06	0.491005
-0.423	0.987614	0.016423	-0.0086753	-3.17155e-06	0.7746	0.759934	-3.14689e-06	0.489735
-0.42	0.985939	0.0186516	-0.00986525	-3.17026e-06	0.7746	0.757943	-3.14226e-06	0.488355
-0.417	0.984129	0.0210634	-0.0111564	-3.17045e-06	0.7746	0.755789	-3.13884e-06	0.486865
-0.414	0.982183	0.0236587	-0.0125497	-3.17224e-06	0.7746	0.753471	-3.13674e-06	0.485266
-0.411	0.980102	0.0264367	-0.0140456	-3.1757e-06	0.7746	0.750989	-3.13601e-06	0.483558
-0.408	0.977888	0.0293956	-0.0156441	-3.18087e-06	0.7746	0.748346	-3.13671e-06	0.481745
-0.405	0.975543	0.0325324	-0.0173444	-3.18782e-06	0.7746	0.745544	-3.13888e-06	0.479829
-0.402	0.973073	0.0358432	-0.0191456	-3.18325e-06	0.7746	0.742587	-3.12942e-06	0.477812
-0.399	0.970479	0.0393235	-0.0210462	-3.17908e-06	0.7746	0.739478	-3.12012e-06	0.475699
-0.396	0.967767	0.042968	-0.0230445	-3.17648e-06	0.7746	0.736222	-3.11214e-06	0.473495
-0.393	0.964941	0.0467711	-0.0251385	-3.17554e-06	0.7746	0.732825	-3.10558e-06	0.471202
-0.39	0.962007	0.0507266	-0.0273259	-3.17632e-06	0.7746	0.729291	-3.10048e-06	0.468827
-0.387	0.95897	0.0548282	-0.0296044	-3.17886e-06	0.7746	0.725627	-3.09691e-06	0.466374
-0.384	0.955835	0.0590692	-0.0319715	-3.17126e-06	0.7746	0.721839	-3.08321e-06	0.463847
-0.381	0.952608	0.0634431	-0.0344248	-3.16418e-06	0.7746	0.717931	-3.06987e-06	0.461253
-0.378	0.949293	0.0679432	-0.0369615	-3.15855e-06	0.7746	0.713911	-3.05779e-06	0.458595
-0.375	0.945898	0.0725629	-0.0395793	-3.15445e-06	0.7746	0.709783	-3.04706e-06	0.455878
-0.372	0.942426	0.0772956	-0.0422756	-3.15193e-06	0.7746	0.705554	-3.03774e-06	0.453107
-0.369	0.938884	0.082135	-0.0450478	-3.15105e-06	0.7746	0.70123	-3.02987e-06	0.450288
-0.366	0.935275	0.0870749	-0.0478938	-3.15187e-06	0.7746	0.696815	-3.02352e-06	0.447423
-0.363	0.931605	0.0921094	-0.0508111	-3.14163e-06	0.7746	0.692314	-3.00637e-06	0.444517
-0.36	0.927879	0.0972326	-0.0537975	-3.13221e-06	0.7746	0.687734	-2.98994e-06	0.441575
-0.357	0.924101	0.102439	-0.0568509	-3.12435e-06	0.7746	0.683078	-2.97495e-06	0.4386
-0.354	0.920275	0.107723	-0.0599694	-3.11808e-06	0.7746	0.678352	-2.96143e-06	0.435596
-0.351	0.916405	0.113081	-0.0631511	-3.11346e-06	0.7746	0.673559	-2.94943e-06	0.432567
-0.348	0.912496	0.118506	-0.0663941	-3.11051e-06	0.7746	0.668704	-2.93897e-06	0.429515
-0.345	0.90855	0.123995	-0.0696968	-3.10927e-06	0.7746	0.66379	-2.93008e-06	0.426443
-0.342	0.904571	0.129543	-0.0730577	-3.09658e-06	0.7746	0.658821	-2.91025e-06	0.423356
-0.339	0.900563	0.135146	-0.0764751	-3.08506e-06	0.7746	0.653801	-2.89153e-06	0.420254
-0.336	0.896528	0.1408	-0.0799478	-3.07513e-06	0.7746	0.648732	-2.87431e-06	0.417142
-0.333	0.89247	0.146501	-0.0834745	-3.06683e-06	0.7746	0.643619	-2.85864e-06	0.414021
-0.33	0.888391	0.152246	-0.0870538	-3.06017e-06	0.7746	0.638464	-2.84451e-06	0.410894
-0.327	0.884295	0.158032	-0.0906848	-3.05517e-06	0.7746	0.633269	-2.83195e-06	0.407763
-0.324	0.880182	0.163854	-0.0943662	-3.05187e-06	0.7746	0.628037	-2.82097e-06	0.40463
-0.321	0.876057	0.16971	-0.0980971	-3.0369e-06	0.7746	0.622771	-2.79907e-06	0.401496
-0.318	0.871921	0.175597	-0.101877	-3.05042e-06	0.7746	0.617473	-2.80385e-06	0.398365
-0.315	0.867776	0.181511	-0.105703	-3.19889e-06	0.7746	0.612145	-2.93425e-06	0.395237
-0.312	0.863625	0.187451	-0.109577	-3.51362e-06	0.7746	0.606789	-3.21842e-06	0.392114
-0.309	0.85947	0.193413	-0.113497	-4.04303e-06	0.7746	0.601409	-3.70008e-06	0.388998
-0.306	0.855312	0.199395	-0.117461	-4.85527e-06	0.7746	0.596004	-4.44068e-06	0.385891
-0.303	0.851154	0.205394	-0.121469	-6.04216e-06	0.7746	0.590578	-5.52294e-06	0.382793
-0.3	0.846997	0.211406	-0.125521	-7.72638e-06	0.7746	0.585133	-7.05704e-06	0.379707
-0.297	0.842844	0.217431	-0.129614	-1.00709e-05	0.7746	0.57967	-9.18907e-06	0.376633
-0.294	0.838696	0.223464	-0.13375	-1.32911e-05	0.7746	0.574191	-1.21114e-05	0.373573
-0.291	0.834556	0.229504	-0.137925	-1.76697e-05	0.7746	0.568699	-1.60762e-05	0.370529
-0.288	0.830424	0.235547	-0.14214	-2.35763e-05	0.7746	0.563195	-2.1412e-05	0.367501
-0.285	0.826304	0.24159	-0.146392	-3.14921e-05	0.7746	0.557681	-2.85451e-05	0.364492
-0.282	0.822196	0.247632	-0.150682	-4.20403e-05	0.7746	0.55216	-3.80265e-05	0.361502
-0.279	0.818104	0.253668	-0.155007	-5.60257e-05	0.7746	0.546633	-5.05652e-05	0.358533
-0.276	0.814029	0.259696	-0.159366	-7.44829e-05	0.7746	0.541104	-6.70707e-05	0.355586
-0.273	0.809974	0.265711	-0.163757	-9.87383e-05	0.7746	0.535575	-8.87051e-05	0.352663
-0.27	0.80594	0.271711	-0.168178	-0.000130486	0.7746	0.530048	-0.000116949	0.349766
-0.267	0.801931	0.277692	-0.172627	-0.000171885	0.7746	0.524526	-0.000153683	0.346895
-0.264	0.797948	0.28365	-0.177102	-0.000225674	0.7746	0.519014	-0.000201289	0.344053
-0.261	0.793995	0.289579	-0.181599	-0.000295325	0.7746	0.513513	-0.000262775	0.341242
-0.258	0.790076	0.295476	-0.186115	-0.000385224	0.7746	0.50803	-0.000341933	0.338463
-0.255	0.786192	0.301334	-0.190646	-0.000500872	0.7746	0.502567	-0.000443561	0.335719
-0.252	0.782348	0.307149	-0.195189	-0.000649258	0.7746	0.49713	-0.000573621	0.333012
-0.249	0.778548	0.312914	-0.199738	-0.000839117	0.7746	0.491725	-0.000739628	0.330344
-0.246	0.774795	0.318622	-0.204288	-0.00108142	0.7746	0.486356	-0.000950976	0.327718
-0.243	0.771095	0.324265	-0.208833	-0.00138992	0.7746	0.481032	-0.00121941	0.325137
-0.24	0.767453	0.329835	-0.213366	-0.00178181	0.7746	0.475759	-0.00155961	0.322605
-0.237	0.763874	0.335324	-0.217878	-0.00227863	0.7746	0.470546	-0.00198989	0.320124
-0.234	0.760364	0.340721	-0.222362	-0.00290727	0.7746	0.465402	-0.00253312	0.317698
-0.231	0.75693	0.346014	-0.226807	-0.00370132	0.7746	0.460337	-0.00321778	0.315332
-0.228	0.753579	0.351194	-0.231205	-0.00470273	0.7746	0.455361	-0.00407942	0.31303
-0.225	0.750319	0.356246	-0.235543	-0.00596383	0.7746	0.450484	-0.00516228	0.310796
-0.222	0.747158	0.361157	-0.23981	-0.00754979	0.7746	0.44572	-0.00652147	0.308637
-0.219	0.744105	0.365911	-0.243997	-0.00954177	0.7746	0.441077	-0.00822546	0.306557
-0.216	0.741169	0.370495	-0.248094	-0.0120405	0.7746	0.436567	-0.0103592	0.304562
-0.213	0.73836	0.37489	-0.252096	-0.0151708	0.7746	0.432195	-0.0130279	0.302658
-0.21	0.735687	0.379081	-0.256002	-0.0190863	0.7746	0.427964	-0.0163611	0.300851
-0.207	0.733162	0.383051	-0.259822	-0.0239757	0.7746	0.423866	-0.0205175	0.299147
-0.204	0.730792	0.386783	-0.263582	-0.0300681	0.7746	0.419882	-0.0256902	0.297553
-0.201	0.728588	0.390262	-0.267332	-0.0376391	0.7746	0.415971	-0.0321112	0.296073
-0.198	0.726558	0.393474	-0.27116	-0.0470155	0.7746	0.412058	-0.0400555	0.294712
-0.195	0.724707	0.396408	-0.275209	-0.0585765	0.7746	0.408023	-0.0498427	0.293474
-0.192	0.723041	0.399054	-0.2797	-0.0727507	0.7746	0.403679	-0.0618338	0.292362
-0.189	0.721561	0.401409	-0.284968	-0.090003	0.7746	0.398742	-0.0764207	0.291376
-0.186	0.720267	0.403473	-0.291495	-0.110809	0.7746	0.392801	-0.0940043	0.290516
-0.183	0.719155	0.40525	-0.299959	-0.135606	0.7746	0.385283	-0.114955	0.289779
-0.18	0.718219	0.406751	-0.311273	-0.164723	0.7746	0.375413	-0.139549	0.289159
-0.177	0.717448	0.407991	-0.326611	-0.198271	0.7746	0.362195	-0.167884	0.28865
-0.174	0.716829	0.408989	-0.347403	-0.236008	0.7746	0.344415	-0.199754	0.288244
-0.171	0.716348	0.40977	-0.375265	-0.277173	0.7746	0.320701	-0.234521	0.28793
-0.168	0.715989	0.410358	-0.411848	-0.320331	0.7746	0.289654	-0.270974	0.287697
-0.165	0.715733	0.410782	-0.458571	-0.363269	0.7746	0.250066	-0.307244	0.287534
-0.162	0.715563	0.411069	-0.516272	-0.403005	0.7746	0.201221	-0.340815	0.287429
-0.159	0.715463	0.411245	-0.584817	-0.43599	0.7746	0.143225	-0.368686	0.287372
-0.156	0.715417	0.411336	-0.662775	-0.458525	0.7746	0.0772798	-0.387731	0.28735
-0.153	0.715409	0.411364	-0.747302	-0.467371	0.7746	0.00578462	-0.395207	0.287354
-0.15	0.715427	0.411349	-0.834338	-0.46041	0.7746	-0.0678334	-0.389322	0.287377
-0.147	0.71546	0.411308	-0.91915	-0.437188	0.7746	-0.139573	-0.369688	0.287409
-0.144	0.715497	0.411255	-0.997105	-0.399125	0.7746	-0.205517	-0.3375	0.287444
-0.141	0.71553	0.411201	-1.06447	-0.349307	0.7746	-0.262502	-0.295368	0.287477
-0.138	0.715551	0.411157	-1.11898	-0.291908	0.7746	-0.30862	-0.246818	0.287502
-0.135	0.715553	0.411129	-1.16006	-0.231421	0.7746	-0.343379	-0.195653	0.287515
-0.132	0.715532	0.411124	-1.18865	-0.171939	0.7746	-0.367559	-0.145335	0.287512
-0.129	0.715485	0.411145	-1.20669	-0.116656	0.7746	-0.382814	-0.0985674	0.287492
-0.126	0.715415	0.411187	-1.21664	-0.0676564	0.7746	-0.391212	-0.0571174	0.287457
-0.123	0.71534	0.411235	-1.22091	-0.0259676	0.7746	-0.394814	-0.021854	0.287418
-0.12	0.7153	0.411253	-1.2216	0.00823982	0.7746	-0.395387	0.00707867	0.287403
-0.117	0.715379	0.411161	-1.22025	0.0353858	0.7746	-0.394266	0.0300395	0.287468
-0.114	0.715742	0.410808	-1.21783	0.0562294	0.7746	-0.392308	0.0476791	0.287724
-0.111	0.716677	0.409929	-1.21476	0.0716629	0.7746	-0.389929	0.0607686	0.288364
-0.108	0.718661	0.408082	-1.21095	0.0825611	0.7746	-0.387155	0.0700749	0.289712
-0.105	0.722389	0.404632	-1.20586	0.0896864	0.7746	-0.383682	0.0762804	0.292244
-0.102	0.728687	0.398831	-1.19871	0.0936599	0.7746	-0.378996	0.0799505	0.29654
-0.099	0.738169	0.390146	-1.1888	0.0950177	0.7746	-0.372602	0.0815591	0.303063
-0.096	0.750684	0.37878	-1.17618	0.0943396	0.7746	-0.364398	0.0815668	0.311766
-0.093	0.764971	0.365943	-1.16195	0.09234	0.7746	-0.354969	0.0804938	0.321821
-0.09	0.779068	0.353426	-1.14792	0.0897919	0.7746	-0.345458	0.078897	0.33186
-0.087	0.791244	0.342736	-1.13575	0.0873285	0.7746	-0.337023	0.0772524	0.34062
-0.084	0.800638	0.33456	-1.1263	0.0853077	0.7746	-0.330351	0.0758538	0.347437
-0.081	0.807252	0.328838	-1.1196	0.0838296	0.7746	-0.325554	0.0748075	0.352271
-0.078	0.81157	0.325112	-1.1152	0.0828381	0.7746	-0.322369	0.0740956	0.355447
-0.075	0.814207	0.322832	-1.11249	0.0822187	0.7746	-0.320396	0.0736471	0.357402
-0.072	0.815713	0.32152	-1.11092	0.0818565	0.7746	-0.319251	0.0733838	0.358531
-0.069	0.816505	0.320816	-1.11008	0.0816595	0.7746	-0.318633	0.0732405	0.35914
-0.066	0.816873	0.320473	-1.10967	0.0815623	0.7746	-0.31833	0.0731704	0.359438
-0.063	0.817002	0.320333	-1.1095	0.0815221	0.7746	-0.318204	0.0731422	0.359561
-0.06	0.817004	0.320299	-1.10946	0.0815125	0.7746	-0.318172	0.0731368	0.359592
-0.057	0.816945	0.320317	-1.10948	0.0815184	0.7746	-0.318185	0.0731428	0.359579
-0.054	0.81686	0.320356	-1.10952	0.0815312	0.7746	-0.318217	0.0731542	0.359548
-0.051	0.816766	0.320402	-1.10958	0.0815467	0.7746	-0.318254	0.0731677	0.359511
-0.048	0.816672	0.320447	-1.10963	0.0815628	0.7746	-0.31829	0.0731818	0.359474
-0.045	0.816581	0.320489	-1.10968	0.0815785	0.7746	-0.318323	0.0731957	0.359441
-0.042	0.816494	0.320526	-1.10972	0.0815934	0.7746	-0.318352	0.0732092	0.359411
-0.039	0.816411	0.320559	-1.10976	0.0816075	0.7746	-0.318377	0.0732221	0.359385
-0.036	0.816332	0.320588	-1.10979	0.0816207	0.7746	-0.318398	0.0732345	0.359363
-0.033	0.816256	0.320613	-1.10982	0.081633	0.7746	-0.318416	0.0732464	0.359345
-0.03	0.816183	0.320634	-1.10984	0.0816446	0.7746	-0.318431	0.0732577	0.359329
-0.027	0.816112	0.320653	-1.10986	0.0816555	0.7746	-0.318443	0.0732685	0.359315
-0.024	0.816043	0.32067	-1.10988	0.0816658	0.7746	-0.318453	0.073279	0.359304
-0.021	0.815975	0.320684	-1.10989	0.0816754	0.7746	-0.318462	0.073289	0.359294
-0.018	0.815907	0.320697	-1.1099	0.0816846	0.7746	-0.318468	0.0732987	0.359286
-0.015	0.81584	0.320708	-1.10991	0.0816933	0.7746	-0.318474	0.073308	0.359279
-0.012	0.815774	0.320718	-1.10992	0.0817015	0.7746	-0.318478	0.0733171	0.359274
-0.009	0.815707	0.320727	-1.10993	0.0817093	0.7746	-0.318482	0.0733258	0.359269
-0.006	0.81564	0.320736	-1.10994	0.0817168	0.7746	-0.318485	0.0733343	0.359265
-0.003	0.815572	0.320743	-1.10995	0.0817239	0.7746	-0.318487	0.0733426	0.359261
0	0.815505	0.32075	-1.10995	0.0817306	0.7746	-0.318488	0.0733506	0.359258
0.003	0.815437	0.320757	-1.10996	0.0817371	0.7746	-0.318489	0.0733584	0.359256
0.006	0.815369	0.320763	-1.10996	0.0817432	0.7746	-0.31849	0.073366	0.359254
0.009	0.815301	0.320769	-1.10997	0.0817491	0.7746	-0.318491	0.0733734	0.359252
0.012	0.815234	0.320774	-1.10997	0.0817546	0.7746	-0.318491	0.0733806	0.359251
0.015	0.815168	0.320779	-1.10998	0.0817599	0.7746	-0.318491	0.0733876	0.35925
0.018	0.815103	0.320784	-1.10998	0.081765	0.7746	-0.31849	0.0733944	0.359249
0.021	0.815042	0.320789	-1.10998	0.0817698	0.7746	-0.31849	0.0734011	0.359249
0.024	0.814984	0.320794	-1.10999	0.0817743	0.7746	-0.318489	0.0734076	0.359248
0.027	0.814932	0.320798	-1.10999	0.0817786	0.7746	-0.318488	0.073414	0.359248
0.03	0.814889	0.320803	-1.11	0.0817827	0.7746	-0.318487	0.0734202	0.359248
0.033	0.814856	0.320807	-1.11	0.0817866	0.7746	-0.318486	0.0734263	0.359248
0.036	0.814835	0.320811	-1.11	0.0817902	0.7746	-0.318484	0.0734323	0.359248
0.039	0.814821	0.320816	-1.11001	0.0817937	0.7746	-0.318483	0.0734381	0.359249
0.042	0.814802	0.32082	-1.11001	0.0817969	0.7746	-0.318481	0.0734438	0.359249
0.045	0.814745	0.320824	-1.11001	0.0818	0.7746	-0.31848	0.0734495	0.35925
0.048	0.814584	0.320828	-1.11002	0.0818028	0.7746	-0.318478	0.073455	0.359251
0.051	0.8142	0.320832	-1.11002	0.0818055	0.7746	-0.318476	0.0734604	0.359251
0.054	0.813402	0.320836	-1.11002	0.0818079	0.7746	-0.318474	0.0734657	0.359252
0.057	0.811904	0.32084	-1.11003	0.0818102	0.7746	-0.318472	0.0734709	0.359253
0.06	0.809312	0.320844	-1.11003	0.0818123	0.7746	-0.31847	0.0734761	0.359255
0.063	0.805128	0.320848	-1.11004	0.0818143	0.7746	-0.318468	0.0734811	0.359256
0.066	0.798772	0.320852	-1.11004	0.081816	0.7746	-0.318465	0.0734861	0.359257
0.069	0.789634	0.320856	-1.11004	0.0818176	0.7746	-0.318463	0.073491	0.359259
0.072	0.777139	0.32086	-1.11005	0.0818191	0.7746	-0.31846	0.0734957	0.35926
0.075	0.760836	0.320864	-1.11005	0.0818204	0.7746	-0.318458	0.0735003	0.359262
0.078	0.740486	0.320868	-1.11006	0.0818215	0.7746	-0.318455	0.0735047	0.359263
0.081	0.716125	0.320873	-1.11006	0.0818225	0.7746	-0.318453	0.073509	0.359265
0.084	0.688106	0.320877	-1.11007	0.0818234	0.7746	-0.31845	0.0735131	0.359266
0.087	0.657092	0.320881	-1.11007	0.0818241	0.7746	-0.318447	0.073517	0.359268
0.09	0.624003	0.320885	-1.11008	0.0818247	0.7746	-0.318445	0.0735207	0.35927
0.093	0.589931	0.320889	-1.11008	0.0818252	0.7746	-0.318442	0.0735242	0.359271
0.096	0.556029	0.320894	-1.11009	0.0818256	0.7746	-0.31844	0.0735274	0.359273
0.099	0.523396	0.320898	-1.11009	0.0818259	0.7746	-0.318438	0.0735305	0.359274
0.102	0.492978	0.320902	-1.1101	0.0818261	0.7746	-0.318435	0.0735334	0.359276
0.105	0.465491	0.320907	-1.1101	0.0818262	0.7746	-0.318433	0.0735361	0.359277
0.108	0.441393	0.320911	-1.11011	0.0818262	0.7746	-0.318431	0.0735387	0.359279
0.111	0.420874	0.320916	-1.11011	0.0818261	0.7746	-0.318429	0.0735412	0.35928
0.114	0.403893	0.32092	-1.11012	0.0818259	0.7746	-0.318427	0.0735435	0.359282
0.117	0.390221	0.320925	-1.11012	0.0818256	0.7746	-0.318425	0.0735458	0.359283
0.12	0.379502	0.32093	-1.11013	0.0818253	0.7746	-0.318422	0.0735481	0.359284
0.123	0.371312	0.320934	-1.11013	0.0818249	0.7746	-0.31842	0.0735502	0.359286
0.126	0.365208	0.320939	-1.11014	0.0818244	0.7746	-0.318418	0.0735524	0.359287
0.129	0.360766	0.320944	-1.11015	0.0818238	0.7746	-0.318416	0.0735545	0.359289
0.132	0.357607	0.320949	-1.11015	0.0818232	0.7746	-0.318414	0.0735567	0.359291
0.135	0.355409	0.320954	-1.11016	0.0818225	0.7746	-0.318411	0.0735588	0.359292
0.138	0.353911	0.320959	-1.11017	0.0818217	0.7746	-0.318409	0.0735609	0.359294
0.141	0.352911	0.320964	-1.11017	0.0818208	0.7746	-0.318406	0.0735631	0.359296
0.144	0.352255	0.320969	-1.11018	0.0818198	0.7746	-0.318404	0.0735653	0.359297
0.147	0.351834	0.320974	-1.11019	0.0818188	0.7746	-0.318401	0.0735675	0.359299
0.15	0.351568	0.320979	-1.11019	0.0818177	0.7746	-0.318398	0.0735697	0.359301
0.153	0.351404	0.320984	-1.1102	0.0818165	0.7746	-0.318396	0.0735719	0.359303
0.156	0.351306	0.32099	-1.11021	0.0818152	0.7746	-0.318393	0.0735742	0.359305
0.159	0.351249	0.320995	-1.11021	0.0818138	0.7746	-0.31839	0.0735765	0.359307
0.162	0.351219	0.321	-1.11022	0.0818123	0.7746	-0.318387	0.0735788	0.359309
0.165	0.351206	0.321006	-1.11023	0.0818107	0.7746	-0.318384	0.0735811	0.359311
0.168	0.351203	0.321011	-1.11024	0.0818091	0.7746	-0.31838	0.0735835	0.359313
0.171	0.351206	0.321017	-1.11024	0.0818073	0.7746	-0.318377	0.073586	0.359315
0.174	0.351213	0.321023	-1.11025	0.0818054	0.7746	-0.318374	0.0735884	0.359318
0.177	0.351223	0.321028	-1.11026	0.0818035	0.7746	-0.31837	0.0735909	0.35932
0.18	0.351234	0.321034	-1.11027	0.0818014	0.7746	-0.318367	0.0735935	0.359323
0.183	0.351246	0.32104	-1.11028	0.0817992	0.7746	-0.318363	0.0735961	0.359325
0.186	0.351259	0.321046	-1.11028	0.0817968	0.7746	-0.318359	0.0735988	0.359327
0.189	0.351271	0.321052	-1.11029	0.0817944	0.7746	-0.318356	0.0736015	0.35933
0.192	0.351284	0.321058	-1.1103	0.0817918	0.7746	-0.318352	0.0736043	0.359333
0.195	0.351297	0.321064	-1.11031	0.0817891	0.7746	-0.318348	0.0736071	0.359335
0.198	0.35131	0.321071	-1.11032	0.0817863	0.7746	-0.318344	0.07361	0.359338
0.201	0.351323	0.321077	-1.11033	0.0817833	0.7746	-0.318339	0.073613	0.359341
0.204	0.351336	0.321084	-1.11034	0.0817801	0.7746	-0.318335	0.0736161	0.359344
0.207	0.351348	0.32109	-1.11035	0.0817768	0.7746	-0.318331	0.0736192	0.359347
0.21	0.35136	0.321097	-1.11036	0.0817734	0.7746	-0.318326	0.0736224	0.35935
0.213	0.351373	0.321103	-1.11037	0.0817697	0.7746	-0.318321	0.0736257	0.359353
0.216	0.351384	0.32111	-1.11038	0.0817659	0.7746	-0.318317	0.0736291	0.359356
0.219	0.351396	0.321117	-1.11039	0.0817619	0.7746	-0.318312	0.0736326	0.359359
0.222	0.351408	0.321123	-1.1104	0.0817576	0.7746	-0.318307	0.0736362	0.359362
0.225	0.351419	0.32113	-1.11041	0.0817532	0.7746	-0.318302	0.07364	0.359365
0.228	0.35143	0.321137	-1.11042	0.0817485	0.7746	-0.318297	0.0736438	0.359369
0.231	0.351441	0.321144	-1.11043	0.0817436	0.7746	-0.318292	0.0736478	0.359372
0.234	0.351452	0.321151	-1.11044	0.0817385	0.7746	-0.318286	0.0736519	0.359375
0.237	0.351463	0.321158	-1.11046	0.0817331	0.7746	-0.318281	0.0736561	0.359378
0.24	0.351473	0.321165	-1.11047	0.0817274	0.7746	-0.318276	0.0736605	0.359382
0.243	0.351483	0.321172	-1.11048	0.0817214	0.7746	-0.31827	0.0736651	0.359385
0.246	0.351493	0.321178	-1.11049	0.0817151	0.7746	-0.318265	0.0736698	0.359388
0.249	0.351503	0.321185	-1.1105	0.0817084	0.7746	-0.318259	0.0736748	0.359392
0.252	0.351513	0.321191	-1.11051	0.0817012	0.7746	-0.318254	0.07368	0.359395
0.255	0.351522	0.321197	-1.11052	0.0816935	0.7746	-0.318249	0.0736855	0.359397
0.258	0.35153	0.3212	-1.11053	0.0816848	0.7746	-0.318245	0.0736914	0.359399
0.261	0.351537	0.321199	-1.11053	0.0816746	0.7746	-0.318243	0.0736982	0.359398
0.264	0.35154	0.321189	-1.11053	0.0816613	0.7746	-0.318247	0.0737064	0.359391
0.267	0.351536	0.321155	-1.11049	0.0816412	0.7746	-0.318264	0.073718	0.359372
0.27	0.351514	0.321068	-1.11039	0.0816057	0.7746	-0.318312	0.073737	0.359322
0.273	0.351449	0.320855	-1.11014	0.0815348	0.7746	-0.318432	0.0737731	0.359201
0.276	0.351287	0.320346	-1.10954	0.0813813	0.7746	-0.318722	0.0738488	0.358913
0.279	0.350893	0.31914	-1.1081	0.0810348	0.7746	-0.31941	0.0740171	0.358232
0.282	0.349959	0.316292	-1.10473	0.0802374	0.7746	-0.321023	0.0744004	0.356629
0.285	0.347762	0.309582	-1.09685	0.078396	0.7746	-0.324758	0.0752765	0.352877
0.288	0.342671	0.293842	-1.07875	0.0741814	0.7746	-0.333205	0.077246	0.344203
0.291	0.331221	0.25743	-1.03837	0.064797	0.7746	-0.351373	0.0814715	0.324769
0.294	0.307315	0.176778	-0.953918	0.0451843	0.7746	-0.386487	0.0896307	0.284626
0.297	0.26521	0.0190439	-0.800879	0.00965099	0.7746	-0.440717	0.102229	0.216706
0.3	0.212905	-0.203338	-0.601397	-0.036675	0.7746	-0.49488	0.114817	0.141768
0.303	0.179978	-0.359344	-0.468954	-0.0674677	0.7746	-0.521575	0.121038	0.10186
0.306	0.171058	-0.401329	-0.434359	-0.0755667	0.7746	-0.527476	0.122436	0.0928424
0.309	0.169736	-0.407289	-0.429524	-0.0767644	0.7746	-0.528271	0.122652	0.0916261
0.312	0.169574	-0.408016	-0.428954	-0.0769763	0.7746	-0.528361	0.122705	0.0914785
0.315	0.169553	-0.408117	-0.428893	-0.0770745	0.7746	-0.528366	0.122741	0.0914577
0.318	0.169548	-0.408145	-0.428894	-0.0771633	0.7746	-0.528361	0.122777	0.0914516
0.321	0.169545	-0.408165	-0.428902	-0.0772544	0.7746	-0.528354	0.122813	0.0914474
0.324	0.169542	-0.408183	-0.428913	-0.077349	0.7746	-0.528346	0.122852	0.0914434
0.327	0.16954	-0.4082	-0.428924	-0.0774464	0.7746	-0.528339	0.122891	0.0914395
0.33	0.169538	-0.408217	-0.428936	-0.0775456	0.7746	-0.528331	0.122931	0.0914357
0.333	0.169535	-0.408234	-0.428949	-0.0776449	0.7746	-0.528323	0.122972	0.091432
0.336	0.169533	-0.40825	-0.428962	-0.0777422	0.7746	-0.528315	0.123011	0.0914283
0.339	0.169531	-0.408267	-0.428973	-0.0778348	0.7746	-0.528307	0.123049	0.0914247
0.342	0.169529	-0.408283	-0.428984	-0.0779189	0.7746	-0.5283	0.123083	0.0914212
0.345	0.169526	-0.408298	-0.428991	-0.0779905	0.7746	-0.528295	0.123112	0.0914177
0.348	0.169524	-0.408314	-0.428995	-0.0780442	0.7746	-0.528291	0.123133	0.0914143
0.351	0.169522	-0.408329	-0.428993	-0.0780741	0.7746	-0.528289	0.123145	0.091411
0.354	0.16952	-0.408344	-0.428985	-0.0780735	0.7746	-0.52829	0.123144	0.0914077
0.357	0.169518	-0.408359	-0.428967	-0.0780349	0.7746	-0.528295	0.123128	0.0914044
0.36	0.169516	-0.408373	-0.42894	-0.0779503	0.7746	-0.528304	0.123092	0.0914013
0.363	0.169515	-0.408387	-0.4289	-0.0778115	0.7746	-0.528318	0.123035	0.0913981
0.366	0.169513	-0.408402	-0.428846	-0.0776102	0.7746	-0.528338	0.122951	0.091395
0.369	0.169511	-0.408415	-0.428775	-0.0773384	0.7746	-0.528365	0.122839	0.091392
0.372	0.169509	-0.408429	-0.428687	-0.0769889	0.7746	-0.528399	0.122695	0.091389
0.375	0.169507	-0.408443	-0.42858	-0.0765552	0.7746	-0.528441	0.122516	0.0913861
0.378	0.169506	-0.408456	-0.428452	-0.0760323	0.7746	-0.528491	0.1223	0.0913832
0.381	0.169504	-0.408469	-0.428304	-0.0754164	0.7746	-0.52855	0.122046	0.0913803
0.384	0.169503	-0.408482	-0.428134	-0.0747059	0.7746	-0.528618	0.121753	0.0913775
0.387	0.169501	-0.408495	-0.427942	-0.0739004	0.7746	-0.528695	0.121421	0.0913748
0.39	0.169499	-0.408507	-0.427731	-0.0730015	0.7746	-0.52878	0.12105	0.091372
0.393	0.169498	-0.40852	-0.427499	-0.0720119	0.7746	-0.528873	0.120643	0.0913693
0.396	0.169496	-0.408532	-0.427249	-0.0709355	0.7746	-0.528974	0.120199	0.0913667
0.399	0.169495	-0.408544	-0.426981	-0.0697764	0.7746	-0.529083	0.119721	0.0913641
0.402	0.169493	-0.408556	-0.426697	-0.0685386	0.7746	-0.529198	0.119211	0.0913615
0.405	0.169492	-0.408568	-0.426397	-0.0672254	0.7746	-0.52932	0.11867	0.0913589
0.408	0.169491	-0.40858	-0.426082	-0.0658382	0.7746	-0.529447	0.118099	0.0913564
0.411	0.169489	-0.408592	-0.425753	-0.0643764	0.7746	-0.529581	0.117497	0.0913539
0.414	0.169488	-0.408604	-0.425408	-0.0628368	0.7746	-0.529721	0.116863	0.0913515
0.417	0.169486	-0.408616	-0.425047	-0.061213	0.7746	-0.529868	0.116194	0.091349
0.42	0.169485	-0.408627	-0.424669	-0.0594955	0.7746	-0.530022	0.115486	0.0913466
0.423	0.169484	-0.408639	-0.424269	-0.0576722	0.7746	-0.530185	0.114735	0.0913442
0.426	0.169483	-0.40865	-0.423847	-0.0557282	0.7746	-0.530357	0.113935	0.0913419
0.429	0.169481	-0.408662	-0.423399	-0.0536473	0.7746	-0.530539	0.113077	0.0913396
0.432	0.16948	-0.408673	-0.422922	-0.0514121	0.7746	-0.530734	0.112157	0.0913373
0.435	0.169479	-0.408684	-0.422413	-0.049006	0.7746	-0.530942	0.111166	0.091335
0.438	0.169478	-0.408695	-0.42187	-0.0464139	0.7746	-0.531164	0.110099	0.0913328
0.441	0.169476	-0.408705	-0.421292	-0.0436233	0.7746	-0.5314	0.10895	0.0913306
0.444	0.169475	-0.408715	-0.420677	-0.0406261	0.7746	-0.531652	0.107715	0.0913285
0.447	0.169474	-0.408724	-0.420027	-0.0374189	0.7746	-0.531918	0.106395	0.0913265
0.45	0.169473	-0.408731	-0.419342	-0.0340043	0.7746	-0.532199	0.104989	0.0913245
0.453	0.169473	-0.408736	-0.418627	-0.030391	0.7746	-0.532493	0.103501	0.0913228
0.456	0.169472	-0.408739	-0.417883	-0.0265943	0.7746	-0.532798	0.101938	0.0913212
0.459	0.169472	-0.408738	-0.417116	-0.0226354	0.7746	-0.533114	0.100308	0.0913199
0.462	0.169472	-0.408731	-0.41633	-0.0185415	0.7746	-0.533438	0.0986232	0.0913189
0.465	0.169472	-0.408718	-0.415532	-0.0143444	0.7746	-0.533768	0.0968956	0.0913184
0.468	0.169474	-0.408697	-0.414725	-0.0100801	0.7746	-0.534103	0.0951406	0.0913184
0.471	0.169476	-0.408664	-0.413914	-0.00578677	0.7746	-0.534441	0.0933739	0.0913192
0.474	0.169479	-0.408616	-0.413102	-0.00150415	0.7746	-0.534781	0.0916118	0.0913209
0.477	0.169483	-0.408551	-0.412292	0.00272822	0.7746	-0.535122	0.0898708	0.0913238
0.48	0.169489	-0.408464	-0.411483	0.00687211	0.7746	-0.535466	0.0881666	0.0913281
0.483	0.169497	-0.408349	-0.410676	0.0108918	0.7746	-0.535813	0.0865141	0.0913342
0.486	0.169507	-0.408201	-0.409866	0.014755	0.7746	-0.536165	0.0849266	0.0913425
0.489	0.16952	-0.408014	-0.409049	0.0184337	0.7746	-0.536524	0.0834157	0.0913533
0.492	0.169537	-0.407779	-0.408218	0.0219046	0.7746	-0.536896	0.0819911	0.0913671
0.495	0.169557	-0.40749	-0.407364	0.0251497	0.7746	-0.537284	0.0806604	0.0913845
0.498	0.169582	-0.407137	-0.406477	0.0281558	0.7746	-0.537694	0.0794292	0.091406
0.501	0.169613	-0.406711	-0.405545	0.0309147	0.7746	-0.538131	0.0783008	0.0914321
0.504	0.169649	-0.406202	-0.404556	0.0334232	0.7746	-0.538603	0.077277	0.0914637
0.507	0.169692	-0.4056	-0.403496	0.0356818	0.7746	-0.539116	0.0763575	0.0915012
0.51	0.169742	-0.404896	-0.402351	0.0376952	0.7746	-0.539677	0.0755406	0.0915453
0.513	0.1698	-0.404078	-0.401106	0.0394709	0.7746	-0.540294	0.0748234	0.0915967
0.516	0.169867	-0.403137	-0.399749	0.0410187	0.7746	-0.540973	0.074202	0.0916561
0.519	0.169944	-0.402063	-0.398264	0.0423507	0.7746	-0.541721	0.0736716	0.091724
0.522	0.170031	-0.400848	-0.396641	0.0434799	0.7746	-0.542545	0.073227	0.091801
0.525	0.170129	-0.399484	-0.394867	0.0444203	0.7746	-0.543451	0.0728626	0.0918877
0.528	0.170237	-0.397963	-0.392933	0.0451862	0.7746	-0.544443	0.0725726	0.0919845
0.531	0.170358	-0.396279	-0.39083	0.045792	0.7746	-0.545527	0.0723513	0.0920918
0.534	0.170491	-0.394429	-0.38855	0.0462517	0.7746	-0.546706	0.072193	0.0922099
0.537	0.170635	-0.392408	-0.38609	0.0465786	0.7746	-0.547982	0.0720922	0.0923391
0.54	0.170793	-0.390213	-0.383445	0.0467857	0.7746	-0.549358	0.0720439	0.0924796
0.543	0.170963	-0.387844	-0.380615	0.0468849	0.7746	-0.550835	0.072043	0.0926315
0.546	0.171146	-0.385301	-0.377598	0.0468873	0.7746	-0.552412	0.0720851	0.0927947
0.549	0.171341	-0.382585	-0.374398	0.046803	0.7746	-0.55409	0.072166	0.0929692
0.552	0.171548	-0.379699	-0.371016	0.0466415	0.7746	-0.555867	0.0722819	0.093155
0.555	0.171768	-0.376644	-0.367457	0.0464112	0.7746	-0.557742	0.0724293	0.0933519
0.558	0.172	-0.373426	-0.363727	0.0461198	0.7746	-0.559711	0.072605	0.0935596
0.561	0.172243	-0.370049	-0.359831	0.045774	0.7746	-0.561773	0.0728062	0.093778
0.564	0.172498	-0.366519	-0.355778	0.0453801	0.7746	-0.563923	0.0730303	0.0940066
0.567	0.172763	-0.36284	-0.351574	0.0449436	0.7746	-0.566158	0.073275	0.0942452
0.57	0.17304	-0.359019	-0.347228	0.0444693	0.7746	-0.568475	0.0735381	0.0944935
0.573	0.173326	-0.355063	-0.342748	0.0439616	0.7746	-0.57087	0.0738179	0.094751
0.576	0.173621	-0.350977	-0.338143	0.0434245	0.7746	-0.573337	0.0741127	0.0950175
0.579	0.173926	-0.346769	-0.333421	0.0428614	0.7746	-0.575874	0.074421	0.0952925
0.582	0.17424	-0.342444	-0.328591	0.0422753	0.7746	-0.578476	0.0747413	0.0955756
0.585	0.174562	-0.33801	-0.323662	0.041669	0.7746	-0.581139	0.0750726	0.0958665
0.588	0.174891	-0.333472	-0.318642	0.0410449	0.7746	-0.583859	0.0754137	0.0961648
0.591	0.175228	-0.328838	-0.313538	0.0404052	0.7746	-0.586632	0.0757637	0.0964701
0.594	0.175572	-0.324113	-0.30836	0.0397519	0.7746	-0.589454	0.0761217	0.0967821
0.597	0.175923	-0.319303	-0.303113	0.0390866	0.7746	-0.592321	0.0764868	0.0971005
0.6	0.176279	-0.314414	-0.297806	0.0384109	0.7746	-0.59523	0.0768585	0.0974248
0.603	0.176642	-0.309451	-0.292445	0.0377262	0.7746	-0.598178	0.0772359	0.0977547
0.606	0.17701	-0.30442	-0.287037	0.0370338	0.7746	-0.601161	0.0776186	0.09809
0.609	0.177382	-0.299326	-0.281588	0.0363348	0.7746	-0.604176	0.078006	0.0984304
0.612	0.17776	-0.294174	-0.276104	0.0356302	0.7746	-0.60722	0.0783975	0.0987754
0.615	0.178142	-0.288967	-0.270589	0.0349209	0.7746	-0.61029	0.0787928	0.099125
0.618	0.178528	-0.283712	-0.265051	0.0342078	0.7746	-0.613385	0.0791915	0.0994787
0.621	0.178917	-0.278412	-0.259492	0.0334916	0.7746	-0.6165	0.079593	0.0998364
0.624	0.17931	-0.27307	-0.253918	0.0327731	0.7746	-0.619634	0.0799972	0.100198
0.627	0.179707	-0.267692	-0.248334	0.0320529	0.7746	-0.622784	0.0804036	0.100563
0.63	0.180106	-0.262281	-0.242743	0.0313315	0.7746	-0.625948	0.0808119	0.100931
0.633	0.180508	-0.256839	-0.237148	0.0306096	0.7746	-0.629125	0.0812219	0.101302
0.636	0.180912	-0.251372	-0.231555	0.0298876	0.7746	-0.632312	0.0816332	0.101675
0.639	0.181318	-0.245881	-0.225966	0.0291661	0.7746	-0.635507	0.0820457	0.102052
0.642	0.181727	-0.240371	-0.220385	0.0284456	0.7746	-0.638708	0.082459	0.102431
0.645	0.182137	-0.234845	-0.214814	0.0277264	0.7746	-0.641914	0.0828729	0.102811
0.648	0.182548	-0.229304	-0.209257	0.0270089	0.7746	-0.645123	0.0832872	0.103194
0.651	0.182961	-0.223753	-0.203716	0.0262936	0.7746	-0.648334	0.0837017	0.103579
0.654	0.183375	-0.218194	-0.198194	0.0255808	0.7746	-0.651544	0.0841161	0.103965
0.657	0.18379	-0.212631	-0.192694	0.0248707	0.7746	-0.654752	0.0845303	0.104353
0.66	0.184205	-0.207065	-0.187219	0.0241638	0.7746	-0.657957	0.084944	0.104742
0.663	0.184621	-0.2015	-0.18177	0.0234604	0.7746	-0.661157	0.0853571	0.105132
0.666	0.185037	-0.195938	-0.17635	0.0227607	0.7746	-0.66435	0.0857694	0.105522
0.669	0.185453	-0.190383	-0.170962	0.0220651	0.7746	-0.667536	0.0861807	0.105914
0.672	0.185868	-0.184837	-0.165608	0.0213739	0.7746	-0.670712	0.0865907	0.106305
0.675	0.186284	-0.179302	-0.16029	0.0206873	0.7746	-0.673877	0.0869993	0.106697
0.678	0.186699	-0.173783	-0.155011	0.0200058	0.7746	-0.67703	0.0874063	0.107089
0.681	0.187113	-0.168281	-0.149772	0.0193295	0.7746	-0.680168	0.0878115	0.107481
0.684	0.187525	-0.1628	-0.144577	0.0186588	0.7746	-0.683291	0.0882147	0.107872
0.687	0.187937	-0.157343	-0.139427	0.017994	0.7746	-0.686397	0.0886156	0.108263
0.69	0.188347	-0.151912	-0.134326	0.0173354	0.7746	-0.689484	0.0890141	0.108653
0.693	0.188755	-0.146512	-0.129275	0.0166833	0.7746	-0.69255	0.08941	0.109041
0.696	0.189161	-0.141145	-0.124277	0.0160381	0.7746	-0.695593	0.0898029	0.109428
0.699	0.189565	-0.135816	-0.119335	0.0154	0.7746	-0.698613	0.0901927	0.109814
0.702	0.189966	-0.130527	-0.114451	0.0147696	0.7746	-0.701606	0.0905791	0.110198
0.705	0.190364	-0.125282	-0.109628	0.014147	0.7746	-0.704571	0.0909619	0.110579
0.708	0.190759	-0.120086	-0.10487	0.0135326	0.7746	-0.707506	0.0913408	0.110958
0.711	0.19115	-0.114942	-0.100178	0.012927	0.7746	-0.710408	0.0917154	0.111334
0.714	0.191537	-0.109854	-0.0955571	0.0123304	0.7746	-0.713275	0.0920856	0.111707
0.717	0.19192	-0.104828	-0.0910092	0.0117433	0.7746	-0.716106	0.092451	0.112076
0.72	0.192299	-0.0998676	-0.086538	0.011166	0.7746	-0.718897	0.0928114	0.112441
0.723	0.192672	-0.0949773	-0.082147	0.0105992	0.7746	-0.721646	0.0931662	0.112802
0.726	0.193041	-0.0901625	-0.0778398	0.0100431	0.7746	-0.72435	0.0935154	0.113159
0.729	0.193403	-0.0854281	-0.07362	0.00949834	0.7746	-0.727007	0.0938584	0.11351
0.732	0.193759	-0.0807794	-0.0694914	0.00896534	0.7746	-0.729613	0.0941949	0.113856
0.735	0.194108	-0.0762219	-0.0654579	0.00844463	0.7746	-0.732167	0.0945245	0.114195
0.738	0.194451	-0.0717611	-0.0615235	0.00793671	0.7746	-0.734664	0.0948469	0.114529
0.741	0.194785	-0.0674028	-0.0576922	0.00744211	0.7746	-0.737103	0.0951617	0.114855
0.744	0.195112	-0.0631526	-0.0539681	0.00696134	0.7746	-0.739479	0.0954685	0.115174
0.747	0.19543	-0.0590164	-0.0503553	0.00649493	0.7746	-0.74179	0.0957668	0.115485
0.75	0.19574	-0.055	-0.0468578	0.00604341	0.7746	-0.744032	0.0960563	0.115788
0.753	0.19604	-0.0511091	-0.0434796	0.00560729	0.7746	-0.746203	0.0963366	0.116082
0.756	0.19633	-0.0473494	-0.0402246	0.00518708	0.7746	-0.7483	0.0966073	0.116366
0.759	0.196609	-0.0437263	-0.0370965	0.00478325	0.7746	-0.750319	0.0968679	0.116641
0.762	0.196878	-0.0402451	-0.0340988	0.00439626	0.7746	-0.752258	0.0971183	0.116905
0.765	0.197136	-0.0369106	-0.0312347	0.00402652	0.7746	-0.754114	0.0973579	0.117159
0.768	0.197382	-0.0337273	-0.028507	0.0036744	0.7746	-0.755886	0.0975866	0.117402
0.771	0.197616	-0.0306991	-0.0259182	0.00334024	0.7746	-0.75757	0.097804	0.117633
0.774	0.197839	-0.0278293	-0.0234703	0.00302423	0.7746	-0.759165	0.09801	0.117852
0.777	0.198048	-0.0251207	-0.0211646	0.00272657	0.7746	-0.760671	0.0982043	0.11806
0.78	0.198246	-0.0225751	-0.0190018	0.00244737	0.7746	-0.762085	0.0983868	0.118255
0.783	0.19843	-0.0201935	-0.0169821	0.00218663	0.7746	-0.763407	0.0985575	0.118438
0.786	0.198603	-0.0179758	-0.0151046	0.00194427	0.7746	-0.764638	0.0987165	0.118609
0.789	0.198762	-0.0159213	-0.013368	0.00172009	0.7746	-0.765778	0.0988636	0.118767
0.792	0.198909	-0.014028	-0.01177	0.00151381	0.7746	-0.766828	0.0989992	0.118913
0.795	0.199044	-0.0122929	-0.0103075	0.00132501	0.7746	-0.76779	0.0991234	0.119047
0.798	0.199167	-0.0107119	-0.00897661	0.00115321	0.7746	-0.768667	0.0992366	0.119169
0.801	0.199278	-0.00928014	-0.00777264	0.000997798	0.7746	-0.769461	0.099339	0.11928
0.804	0.199378	-0.00799159	-0.00669022	0.000858073	0.7746	-0.770175	0.0994312	0.119379
0.807	0.199468	-0.0068395	-0.00572332	0.000733261	0.7746	-0.770813	0.0995136	0.119469
0.81	0.199547	-0.00581636	-0.00486534	0.000622555	0.7746	-0.77138	0.0995867	0.119548
0.813	0.199617	-0.00491405	-0.00410925	0.000524961	0.7746	-0.771879	0.0996512	0.119618
0.816	0.199679	-0.00412398	-0.00344763	0.000439565	0.7746	-0.772317	0.0997077	0.119679
0.819	0.199732	-0.00343728	-0.00287291	0.000365387	0.7746	-0.772697	0.0997568	0.119733
0.822	0.199779	-0.00284491	-0.00237737	0.000301432	0.7746	-0.773025	0.0997991	0.119779
0.825	0.199818	-0.00233784	-0.00195337	0.000246713	0.7746	-0.773306	0.0998354	0.119818
0.828	0.199851	-0.00190718	-0.00159339	0.000200259	0.7746	-0.773544	0.0998661	0.119852
0.831	0.19988	-0.00154434	-0.00129019	0.000161136	0.7746	-0.773745	0.0998921	0.11988
0.834	0.199903	-0.00124111	-0.00103687	0.000128451	0.7746	-0.773913	0.0999137	0.119903
0.837	0.199923	-0.000989776	-0.00082695	0.000101368	0.7746	-0.774052	0.0999317	0.119923
0.84	0.199939	-0.0007832	-0.000654444	7.91155e-05	0.7746	-0.774166	0.0999464	0.119939
0.843	0.199952	-0.000614839	-0.00051387	6.09861e-05	0.7746	-0.774259	0.0999584	0.119952
0.846	0.199963	-0.000478794	-0.000400293	4.6342e-05	0.7746	-0.774335	0.0999681	0.119963
0.849	0.199971	-0.000369811	-0.000309316	3.46164e-05	0.7746	-0.774395	0.0999759	0.119971
0.852	0.199978	-0.000283266	-0.000237076	2.53097e-05	0.7746	-0.774443	0.0999821	0.119978
0.855	0.199983	-0.000215147	-0.000180218	1.79895e-05	0.7746	-0.774481	0.099987	0.119983
0.858	0.199987	-0.000162006	-0.000135865	1.22833e-05	0.7746	-0.77451	0.0999907	0.119987
0.861	0.199991	-0.000120925	-0.000101578	7.87681e-06	0.7746	-0.774533	0.0999937	0.119991
0.864	0.199993	-8.94556e-05	-7.53128e-05	4.50516e-06	0.7746	-0.77455	0.0999959	0.119993
0.867	0.199995	-6.55721e-05	-5.53793e-05	1.95052e-06	0.7746	-0.774563	0.0999976	0.119995
0.87	0.199996	-4.76159e-05	-4.03925e-05	3.30141e-08	0.7746	-0.774573	0.0999989	0.119996
0.873	0.199997	-3.42446e-05	-2.92321e-05	-1.39049e-06	0.7746	-0.774581	0.0999998	0.119997
0.876	0.199998	-2.43843e-05	-2.10015e-05	-2.43504e-06	0.7746	-0.774586	0.100001	0.119998
0.879	0.199999	-1.71851e-05	-1.49916e-05	-3.19286e-06	0.7746	-0.77459	0.100001	0.119999
0.882	0.199999	-1.19822e-05	-1.06476e-05	-3.73488e-06	0.7746	-0.774593	0.100001	0.119999
0.885	0.199999	-8.26144e-06	-7.54033e-06	-4.11719e-06	0.7746	-0.774595	0.100002	0.119999
0.888	0.2	-5.62919e-06	-5.34131e-06	-4.38148e-06	0.7746	-0.774597	0.100002	0.12
0.891	0.2	-3.78784e-06	-3.80227e-06	-4.56056e-06	0.7746	-0.774598	0.100002	0.12
0.894	0.2	-2.51479e-06	-2.73738e-06	-4.67772e-06	0.7746	-0.774598	0.100002	0.12
0.897	0.2	-1.64543e-06	-2.00936e-06	-4.7515e-06	0.7746	-0.774599	0.100002	0.12
0.9	0.2	-1.05946e-06	-1.51775e-06	-4.7942e-06	0.7746	-0.774599	0.100002	0.12
0.903	0.2	-6.69997e-07	-1.19017e-06	-4.81616e-06	0.7746	-0.774599	0.100002	0.12
0.906	0.2	-4.15032e-07	-9.74812e-07	-4.82346e-06	0.7746	-0.774599	0.100002	0.12
0.909	0.2	-2.50881e-07	-8.35359e-07	-4.82197e-06	0.7746	-0.7746	0.100002	0.12
0.912	0.2	-1.47158e-07	-7.46385e-07	-4.8144e-06	0.7746	-0.7746	0.100002	0.12
0.915	0.2	-8.30101e-08	-6.90641e-07	-4.80415e-06	0.7746	-0.7746	0.100002	0.12
0.918	0.2	-4.43352e-08	-6.56161e-07	-4.79122e-06	0.7746	-0.7746	0.100002	0.12
0.921	0.2	-2.17395e-08	-6.35018e-07	-4.77593e-06	0.7746	-0.7746	0.100002	0.12
0.924	0.2	-9.06948e-09	-6.22163e-07	-4.75963e-06	0.7746	-0.7746	0.100002	0.12
0.927	0.2	-2.36632e-09	-6.14203e-07	-4.74201e-06	0.7746	-0.7746	0.100002	0.12
0.93	0.2	8.65488e-10	-6.09143e-07	-4.72406e-06	0.7746	-0.7746	0.100002	0.12
0.933	0.2	2.16302e-09	-6.05609e-07	-4.70521e-06	0.7746	-0.7746	0.100002	0.12
0.936	0.2	2.44735e-09	-6.02925e-07	-4.68629e-06	0.7746	-0.7746	0.100002	0.12
0.939	0.2	2.25195e-09	-6.00552e-07	-4.66662e-06	0.7746	-0.7746	0.100002	0.12
0.942	0.2	1.8722e-09	-5.98342e-07	-4.64701e-06	0.7746	-0.7746	0.100002	0.12
0.945	0.2	1.46126e-09	-5.96075e-07	-4.62675e-06	0.7746	-0.7746	0.100002	0.12
0.948	0.2	1.0903e-09	-5.93803e-07	-4.60671e-06	0.7746	-0.7746	0.100002	0.12
0.951	0.2	7.85353e-10	-5.91414e-07	-4.58621e-06	0.7746	-0.7746	0.100002	0.12
0.954	0.2	5.49274e-10	-5.89036e-07	-4.56623e-06	0.7746	-0.7746	0.100002	0.12
0.957	0.2	3.74343e-10	-5.86596e-07	-4.54619e-06	0.7746	-0.7746	0.100002	0.12
0.96	0.2	2.49175e-10	-5.84257e-07	-4.52725e-06	0.7746	-0.7746	0.100002	0.12
0.963	0.2	1.62238e-10	-5.81954e-07	-4.50884e-06	0.7746	-0.7746	0.100002	0.12
0.966	0.2	1.03434e-10	-5.7985e-07	-4.49215e-06	0.7746	-0.7746	0.100002	0.12
0.969	0.2	6.46214e-11	-5.77755e-07	-4.47567e-06	0.7746	-0.7746	0.100002	0.12
0.972	0.2	3.95878e-11	-5.75586e-07	-4.4587e-06	0.7746	-0.7746	0.100002	0.12
0.975	0.2	2.37952e-11	-5.73436e-07	-4.44194e-06	0.7746	-0.7746	0.100002	0.12
0.978	0.2	1.40431e-11	-5.71217e-07	-4.42469e-06	0.7746	-0.7746	0.100002	0.12
0.981	0.2	8.14435e-12	-5.69022e-07	-4.40766e-06	0.7746	-0.7746	0.100002	0.12
0.984	0.2	4.64681e-12	-5.66762e-07	-4.39013e-06	0.7746	-0.7746	0.100002	0.12
0.987	0.2	2.61233e-12	-5.6453e-07	-4.37282e-06	0.7746	-0.7746	0.100002	0.12
0.99	0.2	1.45004e-12	-5.62232e-07	-4.35502e-06	0.7746	-0.7746	0.100002	0.12
0.993	0.2	7.97038e-13	-5.59965e-07	-4.33745e-06	0.7746	-0.7746	0.100002	0.12
0.996	0.2	4.35867e-13	-5.57633e-07	-4.31939e-06	0.7746	-0.7746	0.100002	0.12
0.999	0.2	2.38718e-13	-5.55333e-07	-4.30157e-06	0.7746	-0.7746	0.100002	0.12
1.002	0.2	1.32299e-13	-5.52969e-07	-4.28325e-06	0.7746	-0.7746	0.100002	0.12
1.005	0.2	7.51752e-14	-5.50638e-07	-4.2652e-06	0.7746	-0.7746	0.100002	0.12
1.008	0.2	4.48255e-14	-5.48243e-07	-4.24665e-06	0.7746	-0.7746	0.100002	0.12
1.011	0.2	2.89158e-14	-5.45886e-07	-4.22839e-06	0.7746	-0.7746	0.100002	0.12
1.014	0.2	2.05969e-14	-5.43464e-07	-4.20964e-06	0.7746	-0.7746	0.100002	0.12
1.017	0.2	1.62438e-14	-5.41083e-07	-4.19119e-06	0.7746	-0.7746	0.100002	0.12
1.02	0.2	1.40159e-14	-5.38641e-07	-4.17227e-06	0.7746	-0.7746	0.100002	0.12
1.023	0.2	1.28833e-14	-5.36243e-07	-4.1537e-06	0.7746	-0.7746	0.100002	0.12
1.026	0.2	1.22475e-14	-5.33787e-07	-4.13467e-06	0.7746	-0.7746	0.100002	0.12
1.029	0.2	1.20189e-14	-5.31381e-07	-4.11604e-06	0.7746	-0.7746	0.100002	0.12
1.032	0.2	1.19271e-14	-5.2892e-07	-4.09698e-06	0.7746	-0.7746	0.100002	0.12
1.035	0.2	1.18778e-14	-5.26516e-07	-4.07835e-06	0.7746	-0.7746	0.100002	0.12
1.038	0.2	1.1866e-14	-5.24061e-07	-4.05934e-06	0.7746	-0.7746	0.100002	0.12
1.041	0.2	1.1819e-14	-5.21663e-07	-4.04076e-06	0.7746	-0.7746	0.100002	0.12
1.044	0.2	1.17115e-14	-5.19208e-07	-4.02175e-06	0.7746	-0.7746	0.100002	0.12
1.047	0.2	1.16845e-14	-5.16795e-07	-4.00306e-06	0.7746	-0.7746	0.100002	0.12
1.05	0.2	1.16649e-14	-5.14288e-07	-3.98364e-06	0.7746	-0.7746	0.100002	0.12
1.053	0.2	1.16045e-14	-5.11748e-07	-3.96397e-06	0.7746	-0.7746	0.100002	0.12
1.056	0.2	1.15397e-14	-5.08978e-07	-3.94251e-06	0.7746	-0.7746	0.100002	0.12
1.059	0.2	1.14914e-14	-5.05939e-07	-3.91897e-06	0.7746	-0.7746	0.100002	0.12
1.062	0.2	1.14369e-14	-5.0299e-07	-3.89613e-06	0.7746	-0.7746	0.100002	0.12
1.065	0.2	1.13781e-14	-5.00596e-07	-3.87758e-06	0.7746	-0.7746	0.100002	0.12
1.068	0.2	1.13022e-14	-4.97974e-07	-3.85728e-06	0.7746	-0.7746	0.100002	0.12
1.071	0.2	1.11748e-14	-4.9541e-07	-3.83741e-06	0.7746	-0.7746	0.100002	0.12
1.074	0.2	1.11194e-14	-4.92791e-07	-3.81713e-06	0.7746	-0.7746	0.100002	0.12
1.077	0.2	1.11371e-14	-4.90237e-07	-3.79734e-06	0.7746	-0.7746	0.100002	0.12
1.08	0.2	1.10903e-14	-4.87634e-07	-3.77718e-06	0.7746	-0.7746	0.100002	0.12
1.083	0.2	1.10334e-14	-4.85105e-07	-3.75759e-06	0.7746	-0.7746	0.100002	0.12
1.086	0.2	1.09492e-14	-4.82539e-07	-3.73772e-06	0.7746	-0.7746	0.100002	0.12
1.089	0.2	1.08667e-14	-4.8006e-07	-3.71852e-06	0.7746	-0.7746	0.100002	0.12
1.092	0.2	1.08361e-14	-4.77559e-07	-3.69914e-06	0.7746	-0.7746	0.100002	0.12
1.095	0.2	1.07144e-14	-4.75163e-07	-3.68058e-06	0.7746	-0.7746	0.100002	0.12
1.098	0.2	1.06451e-14	-4.72763e-07	-3.66199e-06	0.7746	-0.7746	0.100002	0.12
1.101	0.2	1.06485e-14	-4.70484e-07	-3.64434e-06	0.7746	-0.7746	0.100002	0.12
1.104	0.2	1.06402e-14	-4.68211e-07	-3.62673e-06	0.7746	-0.7746	0.100002	0.12
1.107	0.2	1.0611e-14	-4.66054e-07	-3.61003e-06	0.7746	-0.7746	0.100002	0.12
1.11	0.2	1.05223e-14	-4.63869e-07	-3.5931e-06	0.7746	-0.7746	0.100002	0.12
1.113	0.2	1.04244e-14	-4.60071e-07	-3.56368e-06	0.7746	-0.7746	0.100002	0.12
1.116	0.2	1.04243e-14	-4.60071e-07	-3.56368e-06	0.7746	-0.7746	0.100002	0.12
1.119	0.2	1.04243e-14	-4.60071e-07	-3.56368e-06	0.7746	-0.7746	0.100002	0.12
1.122	0.2	1.04243e-14	-4.60071e-07	-3.56368e-06	0.7746	-0.7746	0.100002	0.12
1.125	0.2	1.03712e-14	-4.60071e-07	-3.56368e-06	0.7746	-0.7746	0.100002	0.12
1.128	0.2	1.02714e-14	-4.56508e-07	-3.53608e-06	0.7746	-0.7746	0.100002	0.12
1.131	0.2	1.02524e-14	-4.54635e-07	-3.52157e-06	0.7746	-0.7746	0.100002	0.12
1.134	0.2	1.0091e-14	-4.50297e-07	-3.48797e-06	0.7746	-0.7746	0.100002	0.12
1.137	0.2	9.97442e-15	-4.46973e-07	-3.46223e-06	0.7746	-0.7746	0.100002	0.12
1.14	0.2	9.94233e-15	-4.44029e-07	-3.43942e-06	0.7746	-0.7746	0.100002	0.12
1.143	0.2	9.8856e-15	-4.40721e-07	-3.4138e-06	0.7746	-0.7746	0.100002	0.12
1.146	0.2	9.81981e-15	-4.37796e-07	-3.39114e-06	0.7746	-0.7746	0.100002	0.12
1.149	0.2	9.75168e-15	-4.34511e-07	-3.3657e-06	0.7746	-0.7746	0.100002	0.12
1.152	0.2	9.63505e-15	-4.31612e-07	-3.34324e-06	0.7746	-0.7746	0.100001	0.12
1.155	0.2	9.53166e-15	-4.28357e-07	-3.31802e-06	0.7746	-0.7746	0.100001	0.12
1.158	0.2	9.45397e-15	-4.2549e-07	-3.29582e-06	0.7746	-0.7746	0.100001	0.12
1.161	0.2	9.32851e-15	-4.22272e-07	-3.2709e-06	0.7746	-0.7746	0.100001	0.12
1.164	0.2	9.25677e-15	-4.19446e-07	-3.249e-06	0.7746	-0.7746	0.100001	0.12
1.167	0.2	9.2312e-15	-4.16275e-07	-3.22444e-06	0.7746	-0.7746	0.100001	0.12
1.17	0.2	9.14782e-15	-4.13497e-07	-3.20293e-06	0.7746	-0.7746	0.100001	0.12
1.173	0.2	9.03534e-15	-4.10384e-07	-3.17881e-06	0.7746	-0.7746	0.100001	0.12
1.176	0.2	9.005e-15	-4.07666e-07	-3.15776e-06	0.7746	-0.7746	0.100001	0.12
1.179	0.2	8.92301e-15	-4.04622e-07	-3.13418e-06	0.7746	-0.7746	0.100001	0.12
1.182	0.2	8.87891e-15	-4.01975e-07	-3.11368e-06	0.7746	-0.7746	0.100001	0.12
1.185	0.2	8.84486e-15	-3.99015e-07	-3.09075e-06	0.7746	-0.7746	0.100001	0.12
1.188	0.2	8.73486e-15	-3.96451e-07	-3.07089e-06	0.7746	-0.7746	0.100001	0.12
1.191	0.2	8.65593e-15	-3.93589e-07	-3.04872e-06	0.7746	-0.7746	0.100001	0.12
1.194	0.2	8.54656e-15	-3.91119e-07	-3.02959e-06	0.7746	-0.7746	0.100001	0.12
1.197	0.2	8.51879e-15	-3.88363e-07	-3.00824e-06	0.7746	-0.7746	0.100001	0.12
1.2	0.2	8.51592e-15	-3.85985e-07	-2.98982e-06	0.7746	-0.7746	0.100001	0.12
1.203	0.2	8.44275e-15	-3.83324e-07	-2.96921e-06	0.7746	-0.7746	0.100001	0.12
1.206	0.2	8.46497e-15	-3.80995e-07	-2.95117e-06	0.7746	-0.7746	0.100001	0.12
1.209	0.2	8.45202e-15	-3.78349e-07	-2.93068e-06	0.7746	-0.7746	0.100001	0.12
1.212	0.2	8.34746e-15	-3.75892e-07	-2.91164e-06	0.7746	-0.7746	0.100001	0.12
1.215	0.2	8.30062e-15	-3.72949e-07	-2.88885e-06	0.7746	-0.7746	0.100001	0.12
1.218	0.2	8.20194e-15	-3.69656e-07	-2.86334e-06	0.7746	-0.7746	0.100001	0.12
1.221	0.2	8.08797e-15	-3.66818e-07	-2.84135e-06	0.7746	-0.7746	0.100001	0.12
1.224	0.2	8.056e-15	-3.63647e-07	-2.81679e-06	0.7746	-0.7746	0.100001	0.12
1.227	0.2	8.05484e-15	-3.60926e-07	-2.79571e-06	0.7746	-0.7746	0.100001	0.12
1.23	0.2	7.91882e-15	-3.57892e-07	-2.77222e-06	0.7746	-0.7746	0.100001	0.12
1.233	0.2	7.84843e-15	-3.55301e-07	-2.75214e-06	0.7746	-0.7746	0.100001	0.12
1.236	0.2	7.91007e-15	-3.52416e-07	-2.7298e-06	0.7746	-0.7746	0.100001	0.12
1.239	0.2	7.83837e-15	-3.49954e-07	-2.71073e-06	0.7746	-0.7746	0.100001	0.12
1.242	0.2	7.72188e-15	-3.47208e-07	-2.68946e-06	0.7746	-0.7746	0.100001	0.12
1.245	0.2	7.65632e-15	-3.44835e-07	-2.67108e-06	0.7746	-0.7746	0.100001	0.12
1.248	0.2	7.594e-15	-3.4215e-07	-2.65028e-06	0.7746	-0.7746	0.100001	0.12
1.251	0.2	7.51268e-15	-3.39689e-07	-2.63122e-06	0.7746	-0.7746	0.100001	0.12
1.254	0.2	7.45396e-15	-3.36754e-07	-2.60848e-06	0.7746	-0.7746	0.100001	0.12
1.257	0.2	7.3757e-15	-3.33485e-07	-2.58316e-06	0.7746	-0.7746	0.100001	0.12
1.26	0.2	7.30953e-15	-3.30707e-07	-2.56165e-06	0.7746	-0.7746	0.100001	0.12
1.263	0.2	7.27236e-15	-3.27621e-07	-2.53774e-06	0.7746	-0.7746	0.100001	0.12
1.266	0.2	7.2644e-15	-3.25014e-07	-2.51754e-06	0.7746	-0.7746	0.100001	0.12
1.269	0.2	7.24445e-15	-3.22123e-07	-2.49515e-06	0.7746	-0.7746	0.100001	0.12
1.272	0.2	7.14327e-15	-3.19688e-07	-2.47629e-06	0.7746	-0.7746	0.100001	0.12
1.275	0.2	7.11686e-15	-3.16987e-07	-2.45537e-06	0.7746	-0.7746	0.100001	0.12
1.278	0.2	7.09314e-15	-3.14687e-07	-2.43755e-06	0.7746	-0.7746	0.100001	0.12
1.281	0.2	6.97566e-15	-3.12103e-07	-2.41754e-06	0.7746	-0.7746	0.100001	0.12
1.284	0.2	6.95691e-15	-3.09772e-07	-2.39948e-06	0.7746	-0.7746	0.100001	0.12
1.287	0.2	6.9621e-15	-3.0701e-07	-2.37809e-06	0.7746	-0.7746	0.100001	0.12
1.29	0.2	6.93533e-15	-3.03955e-07	-2.35442e-06	0.7746	-0.7746	0.100001	0.12
1.293	0.2	6.84058e-15	-3.01394e-07	-2.33459e-06	0.7746	-0.7746	0.100001	0.12
1.296	0.2	6.7042e-15	-2.98561e-07	-2.31264e-06	0.7746	-0.7746	0.100001	0.12
1.299	0.2	6.64519e-15	-2.96162e-07	-2.29406e-06	0.7746	-0.7746	0.100001	0.12
1.302	0.2	6.62779e-15	-2.93474e-07	-2.27324e-06	0.7746	-0.7746	0.100001	0.12
1.305	0.2	6.52881e-15	-2.91065e-07	-2.25458e-06	0.7746	-0.7746	0.100001	0.12
1.308	0.2	6.46109e-15	-2.88218e-07	-2.23253e-06	0.7746	-0.7746	0.100001	0.12
1.311	0.2	6.45011e-15	-2.85078e-07	-2.2082e-06	0.7746	-0.7746	0.100001	0.12
1.314	0.2	6.3136e-15	-2.82464e-07	-2.18796e-06	0.7746	-0.7746	0.100001	0.12
1.317	0.2	6.21952e-15	-2.79581e-07	-2.16563e-06	0.7746	-0.7746	0.100001	0.12
1.32	0.2	6.22809e-15	-2.77161e-07	-2.14688e-06	0.7746	-0.7746	0.100001	0.12
1.323	0.2	6.17547e-15	-2.74459e-07	-2.12595e-06	0.7746	-0.7746	0.100001	0.12
1.326	0.2	6.10164e-15	-2.72059e-07	-2.10736e-06	0.7746	-0.7746	0.100001	0.12
1.329	0.2	5.98473e-15	-2.69234e-07	-2.08548e-06	0.7746	-0.7746	0.100001	0.12
1.332	0.2	5.96741e-15	-2.66132e-07	-2.06145e-06	0.7746	-0.7746	0.100001	0.12
1.335	0.2	5.9614e-15	-2.63577e-07	-2.04166e-06	0.7746	-0.7746	0.100001	0.12
1.338	0.2	5.87616e-15	-2.60774e-07	-2.01995e-06	0.7746	-0.7746	0.100001	0.12
1.341	0.2	5.8936e-15	-2.58449e-07	-2.00194e-06	0.7746	-0.7746	0.100001	0.12
1.344	0.2	5.80996e-15	-2.55869e-07	-1.98195e-06	0.7746	-0.7746	0.100001	0.12
1.347	0.2	5.75821e-15	-2.53602e-07	-1.96439e-06	0.7746	-0.7746	0.100001	0.12
1.35	0.2	5.68995e-15	-2.50948e-07	-1.94383e-06	0.7746	-0.7746	0.100001	0.12
1.353	0.2	5.62736e-15	-2.48042e-07	-1.92133e-06	0.7746	-0.7746	0.100001	0.12
1.356	0.2	5.59664e-15	-2.45646e-07	-1.90277e-06	0.7746	-0.7746	0.100001	0.12
1.359	0.2	5.51707e-15	-2.42995e-07	-1.88223e-06	0.7746	-0.7746	0.100001	0.12
1.362	0.2	5.468e-15	-2.40681e-07	-1.86431e-06	0.7746	-0.7746	0.100001	0.12
1.365	0.2	5.43317e-15	-2.37979e-07	-1.84338e-06	0.7746	-0.7746	0.100001	0.12
1.368	0.2	5.33274e-15	-2.35031e-07	-1.82054e-06	0.7746	-0.7746	0.100001	0.12
1.371	0.2	5.23826e-15	-2.32618e-07	-1.80185e-06	0.7746	-0.7746	0.100001	0.12
1.374	0.2	5.24943e-15	-2.29959e-07	-1.78125e-06	0.7746	-0.7746	0.100001	0.12
1.377	0.2	5.18887e-15	-2.27656e-07	-1.76341e-06	0.7746	-0.7746	0.100001	0.12
1.38	0.2	5.1049e-15	-2.24977e-07	-1.74266e-06	0.7746	-0.7746	0.100001	0.12
1.383	0.2	5.09466e-15	-2.22065e-07	-1.72011e-06	0.7746	-0.7746	0.100001	0.12
1.386	0.2	5.07829e-15	-2.19698e-07	-1.70178e-06	0.7746	-0.7746	0.100001	0.12
1.389	0.2	4.94742e-15	-2.17097e-07	-1.68162e-06	0.7746	-0.7746	0.100001	0.12
1.392	0.2	4.9011e-15	-2.14845e-07	-1.66418e-06	0.7746	-0.7746	0.100001	0.12
1.395	0.2	4.90581e-15	-2.1222e-07	-1.64385e-06	0.7746	-0.7746	0.100001	0.12
1.398	0.2	4.8853e-15	-2.09339e-07	-1.62153e-06	0.7746	-0.7746	0.100001	0.12
1.401	0.2	4.77224e-15	-2.06869e-07	-1.6024e-06	0.7746	-0.7746	0.100001	0.12
1.404	0.2	4.67855e-15	-2.0401e-07	-1.58026e-06	0.7746	-0.7746	0.100001	0.12
1.407	0.2	4.61696e-15	-2.00923e-07	-1.55634e-06	0.7746	-0.7746	0.100001	0.12
1.41	0.2	4.4808e-15	-1.98456e-07	-1.53724e-06	0.7746	-0.7746	0.100001	0.12
1.413	0.2	4.37808e-15	-1.95776e-07	-1.51648e-06	0.7746	-0.7746	0.100001	0.12
1.416	0.2	4.32922e-15	-1.93531e-07	-1.49908e-06	0.7746	-0.7746	0.100001	0.12
1.419	0.2	4.31068e-15	-1.90964e-07	-1.4792e-06	0.7746	-0.7746	0.100001	0.12
1.422	0.2	4.29677e-15	-1.88245e-07	-1.45814e-06	0.7746	-0.7746	0.100001	0.12
1.425	0.2	4.29644e-15	-1.86188e-07	-1.44221e-06	0.7746	-0.7746	0.100001	0.12
1.428	0.2	4.29567e-15	-1.82425e-07	-1.41306e-06	0.7746	-0.7746	0.100001	0.12
1.431	0.2	4.36419e-15	-1.82425e-07	-1.41306e-06	0.7746	-0.7746	0.100001	0.12
1.434	0.2	4.43933e-15	-1.79125e-07	-1.3875e-06	0.7746	-0.7746	0.100001	0.12
1.437	0.2	4.41857e-15	-1.79125e-07	-1.3875e-06	0.7746	-0.7746	0.100001	0.12
1.44	0.2	4.41869e-15	-1.79125e-07	-1.3875e-06	0.7746	-0.7746	0.100001	0.12
1.443	0.2	4.53972e-15	-1.76951e-07	-1.37066e-06	0.7746	-0.7746	0.100001	0.12
1.446	0.2	4.35892e-15	-1.7285e-07	-1.33889e-06	0.7746	-0.7746	0.100001	0.12
1.449	0.2	4.07987e-15	-1.70984e-07	-1.32444e-06	0.7746	-0.7746	0.100001	0.12
1.452	0.2	4.13258e-15	-1.67097e-07	-1.29433e-06	0.7746	-0.7746	0.100001	0.12
1.455	0.2	4.16528e-15	-1.64449e-07	-1.27382e-06	0.7746	-0.7746	0.100001	0.12
1.458	0.2	4.10478e-15	-1.62265e-07	-1.2569e-06	0.7746	-0.7746	0.100001	0.12
1.461	0.2	4.10005e-15	-1.59774e-07	-1.23761e-06	0.7746	-0.7746	0.100001	0.12
1.464	0.2	4.07859e-15	-1.5711e-07	-1.21697e-06	0.7746	-0.7746	0.100001	0.12
1.467	0.2	4.12589e-15	-1.54928e-07	-1.20007e-06	0.7746	-0.7746	0.100001	0.12
1.47	0.2	4.12937e-15	-1.52449e-07	-1.18086e-06	0.7746	-0.7746	0.100001	0.12
1.473	0.2	4.09217e-15	-1.49806e-07	-1.16039e-06	0.7746	-0.7746	0.100001	0.12
1.476	0.2	3.95548e-15	-1.47646e-07	-1.14367e-06	0.7746	-0.7746	0.100001	0.12
1.479	0.2	3.89033e-15	-1.45192e-07	-1.12465e-06	0.7746	-0.7746	0.100001	0.12
1.482	0.2	3.95234e-15	-1.42562e-07	-1.10428e-06	0.7746	-0.7746	0.1	0.12
1.485	0.2	3.81972e-15	-1.40353e-07	-1.08717e-06	0.7746	-0.7746	0.1	0.12
1.488	0.2	3.81847e-15	-1.37781e-07	-1.06725e-06	0.7746	-0.7746	0.1	0.12
1.491	0.2	3.95763e-15	-1.34878e-07	-1.04476e-06	0.7746	-0.7746	0.1	0.12
1.494	0.2	3.93134e-15	-1.31811e-07	-1.02101e-06	0.7746	-0.7746	0.1	0.12
1.497	0.2	3.94032e-15	-1.29358e-07	-1.00201e-06	0.7746	-0.7746	0.1	0.12
